# r numerical exact
0.001 0.000999 0.000999
0.0015072 0.00150493 0.00150493
0.00201127 0.00200722 0.00200722
0.00251531 0.00250899 0.002509
0.00301937 0.00301027 0.00301027
0.00352346 0.00351106 0.00351107
0.00402758 0.00401139 0.00401139
0.00453175 0.00451125 0.00451126
0.00503597 0.00501066 0.00501067
0.00554023 0.00550962 0.00550962
0.00604455 0.00600812 0.00600813
0.00654893 0.00650618 0.00650618
0.00705337 0.00700378 0.00700379
0.00755786 0.00750095 0.00750096
0.00806242 0.00799766 0.00799768
0.00856703 0.00849394 0.00849395
0.00907171 0.00898977 0.00898979
0.00957645 0.00948517 0.00948518
0.0100813 0.00998012 0.00998013
0.0105861 0.0104746 0.0104746
0.011091 0.0109687 0.0109687
0.011596 0.0114623 0.0114624
0.0121011 0.0119555 0.0119555
0.0126062 0.0124483 0.0124483
0.0131114 0.0129406 0.0129406
0.0136167 0.0134325 0.0134325
0.014122 0.0139239 0.013924
0.0146274 0.014415 0.014415
0.0151328 0.0149055 0.0149056
0.0156384 0.0153957 0.0153957
0.016144 0.0158854 0.0158854
0.0166496 0.0163747 0.0163747
0.0171553 0.0168635 0.0168635
0.0176611 0.0173519 0.0173519
0.018167 0.0178399 0.0178399
0.0186729 0.0183274 0.0183275
0.0191789 0.0188146 0.0188146
0.019685 0.0193012 0.0193013
0.0201911 0.0197875 0.0197875
0.0206973 0.0202733 0.0202733
0.0212036 0.0207587 0.0207587
0.0217099 0.0212436 0.0212437
0.0222163 0.0217282 0.0217282
0.0227228 0.0222123 0.0222123
0.0232293 0.0226959 0.022696
0.023736 0.0231792 0.0231792
0.0242426 0.023662 0.023662
0.0247494 0.0241444 0.0241444
0.0252562 0.0246263 0.0246263
0.0257631 0.0251078 0.0251079
0.0262701 0.0255889 0.025589
0.0267771 0.0260696 0.0260696
0.0272842 0.0265498 0.0265499
0.0277914 0.0270297 0.0270297
0.0282987 0.027509 0.0275091
0.028806 0.027988 0.027988
0.0293134 0.0284665 0.0284666
0.0298209 0.0289447 0.0289447
0.0303284 0.0294223 0.0294224
0.030836 0.0298996 0.0298996
0.0313437 0.0303764 0.0303765
0.0318514 0.0308529 0.0308529
0.0323593 0.0313288 0.0313289
0.0328672 0.0318044 0.0318045
0.0333751 0.0322796 0.0322796
0.0338832 0.0327543 0.0327543
0.0343913 0.0332286 0.0332286
0.0348995 0.0337024 0.0337025
0.0354077 0.0341759 0.034176
0.0359161 0.0346489 0.034649
0.0364245 0.0351215 0.0351216
0.0369329 0.0355937 0.0355938
0.0374415 0.0360655 0.0360655
0.0379501 0.0365368 0.0365369
0.0384588 0.0370078 0.0370078
0.0389676 0.0374783 0.0374783
0.0394764 0.0379484 0.0379484
0.0399854 0.038418 0.0384181
0.0404944 0.0388873 0.0388873
0.0410034 0.0393561 0.0393562
0.0415126 0.0398245 0.0398246
0.0420218 0.0402925 0.0402926
0.0425311 0.0407601 0.0407601
0.0430405 0.0412272 0.0412273
0.0435499 0.041694 0.041694
0.0440594 0.0421603 0.0421604
0.044569 0.0426262 0.0426263
0.0450787 0.0430917 0.0430917
0.0455885 0.0435567 0.0435568
0.0460983 0.0440214 0.0440215
0.0466082 0.0444856 0.0444857
0.0471182 0.0449495 0.0449495
0.0476282 0.0454129 0.0454129
0.0481383 0.0458759 0.0458759
0.0486485 0.0463384 0.0463385
0.0491588 0.0468006 0.0468007
0.0496692 0.0472624 0.0472624
0.0501796 0.0477237 0.0477238
0.0506901 0.0481846 0.0481847
0.0512007 0.0486451 0.0486452
0.0517114 0.0491052 0.0491053
0.0522221 0.0495649 0.049565
0.052733 0.0500242 0.0500242
0.0532439 0.050483 0.0504831
0.0537548 0.0509415 0.0509415
0.0542659 0.0513995 0.0513996
0.054777 0.0518571 0.0518572
0.0552882 0.0523143 0.0523144
0.0557995 0.0527711 0.0527712
0.0563109 0.0532275 0.0532276
0.0568224 0.0536835 0.0536836
0.0573339 0.0541391 0.0541392
0.0578455 0.0545942 0.0545943
0.0583572 0.055049 0.0550491
0.0588689 0.0555033 0.0555034
0.0593808 0.0559573 0.0559574
0.0598927 0.0564108 0.0564109
0.0604047 0.0568639 0.056864
0.0609168 0.0573166 0.0573167
0.061429 0.0577689 0.057769
0.0619412 0.0582208 0.0582209
0.0624535 0.0586723 0.0586724
0.0629659 0.0591234 0.0591235
0.0634784 0.059574 0.0595741
0.063991 0.0600243 0.0600244
0.0645036 0.0604742 0.0604743
0.0650163 0.0609236 0.0609237
0.0655292 0.0613727 0.0613728
0.066042 0.0618213 0.0618214
0.066555 0.0622695 0.0622696
0.0670681 0.0627174 0.0627175
0.0675812 0.0631648 0.0631649
0.0680944 0.0636118 0.0636119
0.0686077 0.0640584 0.0640585
0.0691211 0.0645047 0.0645048
0.0696346 0.0649505 0.0649506
0.0701481 0.0653959 0.065396
0.0706617 0.0658409 0.065841
0.0711754 0.0662855 0.0662856
0.0716892 0.0667297 0.0667298
0.0722031 0.0671735 0.0671736
0.0727171 0.0676169 0.067617
0.0732311 0.0680599 0.06806
0.0737452 0.0685025 0.0685026
0.0742594 0.0689446 0.0689448
0.0747737 0.0693864 0.0693865
0.0752881 0.0698278 0.0698279
0.0758026 0.0702688 0.0702689
0.0763171 0.0707094 0.0707095
0.0768317 0.0711496 0.0711497
0.0773465 0.0715894 0.0715895
0.0778613 0.0720288 0.0720289
0.0783761 0.0724678 0.0724679
0.0788911 0.0729064 0.0729065
0.0794062 0.0733446 0.0733447
0.0799213 0.0737824 0.0737825
0.0804365 0.0742198 0.0742199
0.0809518 0.0746568 0.0746569
0.0814672 0.0750934 0.0750935
0.0819827 0.0755296 0.0755297
0.0824983 0.0759654 0.0759655
0.0830139 0.0764008 0.0764009
0.0835297 0.0768358 0.0768359
0.0840455 0.0772704 0.0772705
0.0845614 0.0777046 0.0777048
0.0850774 0.0781385 0.0781386
0.0855935 0.0785719 0.078572
0.0861097 0.0790049 0.0790051
0.0866259 0.0794376 0.0794377
0.0871423 0.0798698 0.07987
0.0876587 0.0803017 0.0803018
0.0881752 0.0807331 0.0807333
0.0886918 0.0811642 0.0811643
0.0892085 0.0815949 0.081595
0.0897253 0.0820252 0.0820253
0.0902422 0.082455 0.0824552
0.0907592 0.0828845 0.0828847
0.0912762 0.0833136 0.0833138
0.0917933 0.0837424 0.0837425
0.0923106 0.0841707 0.0841708
0.0928279 0.0845986 0.0845987
0.0933453 0.0850261 0.0850263
0.0938628 0.0854533 0.0854534
0.0943804 0.08588 0.0858802
0.094898 0.0863064 0.0863065
0.0954158 0.0867323 0.0867325
0.0959337 0.0871579 0.0871581
0.0964516 0.0875831 0.0875833
0.0969696 0.0880079 0.0880081
0.0974878 0.0884323 0.0884325
0.098006 0.0888563 0.0888565
0.0985243 0.08928 0.0892801
0.0990427 0.0897032 0.0897034
0.0995612 0.0901261 0.0901262
0.10008 0.0905485 0.0905487
0.100598 0.0909706 0.0909708
0.101117 0.0913923 0.0913925
0.101636 0.0918136 0.0918138
0.102155 0.0922345 0.0922347
0.102674 0.0926551 0.0926552
0.103193 0.0930752 0.0930754
0.103712 0.093495 0.0934951
0.104232 0.0939143 0.0939145
0.104751 0.0943333 0.0943335
0.105271 0.0947519 0.0947521
0.10579 0.0951701 0.0951703
0.10631 0.0955879 0.0955881
0.10683 0.0960054 0.0960055
0.10735 0.0964224 0.0964226
0.107869 0.0968391 0.0968393
0.10839 0.0972554 0.0972556
0.10891 0.0976713 0.0976715
0.10943 0.0980868 0.098087
0.10995 0.098502 0.0985021
0.110471 0.0989167 0.0989169
0.110991 0.0993311 0.0993313
0.111512 0.0997451 0.0997452
0.112033 0.100159 0.100159
0.112553 0.100572 0.100572
0.113074 0.100985 0.100985
0.113595 0.101397 0.101397
0.114116 0.101809 0.101809
0.114638 0.102221 0.102221
0.115159 0.102632 0.102632
0.11568 0.103043 0.103043
0.116202 0.103454 0.103454
0.116723 0.103864 0.103864
0.117245 0.104274 0.104274
0.117767 0.104683 0.104683
0.118289 0.105092 0.105092
0.118811 0.105501 0.105501
0.119333 0.105909 0.105909
0.119855 0.106317 0.106317
0.120377 0.106725 0.106725
0.1209 0.107132 0.107132
0.121422 0.107538 0.107539
0.121945 0.107945 0.107945
0.122467 0.108351 0.108351
0.12299 0.108756 0.108757
0.123513 0.109162 0.109162
0.124036 0.109567 0.109567
0.124559 0.109971 0.109971
0.125082 0.110375 0.110375
0.125605 0.110779 0.110779
0.126129 0.111182 0.111183
0.126652 0.111585 0.111586
0.127176 0.111988 0.111988
0.127699 0.11239 0.11239
0.128223 0.112792 0.112792
0.128747 0.113194 0.113194
0.129271 0.113595 0.113595
0.129795 0.113995 0.113996
0.130319 0.114396 0.114396
0.130843 0.114796 0.114796
0.131368 0.115195 0.115196
0.131892 0.115595 0.115595
0.132417 0.115994 0.115994
0.132941 0.116392 0.116392
0.133466 0.11679 0.11679
0.133991 0.117188 0.117188
0.134516 0.117585 0.117586
0.135041 0.117982 0.117983
0.135566 0.118379 0.118379
0.136091 0.118775 0.118775
0.136617 0.119171 0.119171
0.137142 0.119567 0.119567
0.137668 0.119962 0.119962
0.138193 0.120357 0.120357
0.138719 0.120751 0.120751
0.139245 0.121145 0.121145
0.139771 0.121539 0.121539
0.140297 0.121932 0.121932
0.140823 0.122325 0.122325
0.14135 0.122718 0.122718
0.141876 0.12311 0.12311
0.142403 0.123502 0.123502
0.142929 0.123893 0.123893
0.143456 0.124284 0.124284
0.143983 0.124675 0.124675
0.14451 0.125065 0.125065
0.145037 0.125455 0.125455
0.145564 0.125845 0.125845
0.146091 0.126234 0.126234
0.146619 0.126623 0.126623
0.147146 0.127012 0.127012
0.147674 0.1274 0.1274
0.148201 0.127787 0.127788
0.148729 0.128175 0.128175
0.149257 0.128562 0.128562
0.149785 0.128949 0.128949
0.150313 0.129335 0.129335
0.150841 0.129721 0.129721
0.15137 0.130107 0.130107
0.151898 0.130492 0.130492
0.152427 0.130877 0.130877
0.152955 0.131261 0.131261
0.153484 0.131645 0.131646
0.154013 0.132029 0.132029
0.154542 0.132413 0.132413
0.155071 0.132796 0.132796
0.1556 0.133178 0.133178
0.15613 0.133561 0.133561
0.156659 0.133943 0.133943
0.157189 0.134324 0.134324
0.157718 0.134705 0.134706
0.158248 0.135086 0.135086
0.158778 0.135467 0.135467
0.159308 0.135847 0.135847
0.159838 0.136227 0.136227
0.160368 0.136606 0.136606
0.160898 0.136985 0.136985
0.161429 0.137364 0.137364
0.161959 0.137742 0.137743
0.16249 0.13812 0.138121
0.163021 0.138498 0.138498
0.163552 0.138875 0.138875
0.164083 0.139252 0.139252
0.164614 0.139629 0.139629
0.165145 0.140005 0.140005
0.165676 0.140381 0.140381
0.166208 0.140756 0.140756
0.166739 0.141131 0.141131
0.167271 0.141506 0.141506
0.167803 0.14188 0.141881
0.168335 0.142254 0.142255
0.168867 0.142628 0.142628
0.169399 0.143001 0.143002
0.169931 0.143374 0.143375
0.170463 0.143747 0.143747
0.170996 0.144119 0.14412
0.171528 0.144491 0.144491
0.172061 0.144863 0.144863
0.172594 0.145234 0.145234
0.173127 0.145605 0.145605
0.17366 0.145975 0.145976
0.174193 0.146345 0.146346
0.174726 0.146715 0.146715
0.17526 0.147085 0.147085
0.175793 0.147454 0.147454
0.176327 0.147822 0.147823
0.176861 0.148191 0.148191
0.177395 0.148559 0.148559
0.177929 0.148926 0.148927
0.178463 0.149294 0.149294
0.178997 0.149661 0.149661
0.179531 0.150027 0.150027
0.180066 0.150393 0.150394
0.1806 0.150759 0.150759
0.181135 0.151125 0.151125
0.18167 0.15149 0.15149
0.182205 0.151855 0.151855
0.18274 0.152219 0.152219
0.183275 0.152583 0.152584
0.18381 0.152947 0.152947
0.184346 0.153311 0.153311
0.184881 0.153674 0.153674
0.185417 0.154036 0.154037
0.185953 0.154399 0.154399
0.186489 0.154761 0.154761
0.187025 0.155122 0.155123
0.187561 0.155484 0.155484
0.188097 0.155845 0.155845
0.188633 0.156205 0.156205
0.18917 0.156565 0.156566
0.189707 0.156925 0.156926
0.190243 0.157285 0.157285
0.19078 0.157644 0.157644
0.191317 0.158003 0.158003
0.191854 0.158362 0.158362
0.192392 0.15872 0.15872
0.192929 0.159078 0.159078
0.193467 0.159435 0.159435
0.194004 0.159792 0.159792
0.194542 0.160149 0.160149
0.19508 0.160505 0.160506
0.195618 0.160861 0.160862
0.196156 0.161217 0.161217
0.196694 0.161573 0.161573
0.197233 0.161928 0.161928
0.197771 0.162282 0.162283
0.19831 0.162637 0.162637
0.198848 0.162991 0.162991
0.199387 0.163344 0.163345
0.199926 0.163698 0.163698
0.200466 0.164051 0.164051
0.201005 0.164403 0.164404
0.201544 0.164756 0.164756
0.202084 0.165107 0.165108
0.202623 0.165459 0.165459
0.203163 0.16581 0.165811
0.203703 0.166161 0.166162
0.204243 0.166512 0.166512
0.204783 0.166862 0.166862
0.205324 0.167212 0.167212
0.205864 0.167561 0.167562
0.206405 0.167911 0.167911
0.206945 0.168259 0.16826
0.207486 0.168608 0.168608
0.208027 0.168956 0.168956
0.208568 0.169304 0.169304
0.209109 0.169651 0.169652
0.209651 0.169999 0.169999
0.210192 0.170345 0.170346
0.210734 0.170692 0.170692
0.211275 0.171038 0.171038
0.211817 0.171384 0.171384
0.212359 0.171729 0.171729
0.212901 0.172074 0.172075
0.213444 0.172419 0.172419
0.213986 0.172763 0.172764
0.214529 0.173107 0.173108
0.215071 0.173451 0.173452
0.215614 0.173795 0.173795
0.216157 0.174138 0.174138
0.2167 0.17448 0.174481
0.217243 0.174823 0.174823
0.217787 0.175165 0.175165
0.21833 0.175506 0.175507
0.218874 0.175848 0.175848
0.219417 0.176189 0.176189
0.219961 0.17653 0.17653
0.220505 0.17687 0.17687
0.221049 0.17721 0.17721
0.221594 0.17755 0.17755
0.222138 0.177889 0.177889
0.222683 0.178228 0.178228
0.223227 0.178567 0.178567
0.223772 0.178905 0.178905
0.224317 0.179243 0.179243
0.224862 0.179581 0.179581
0.225407 0.179918 0.179918
0.225953 0.180255 0.180255
0.226498 0.180591 0.180592
0.227044 0.180928 0.180928
0.22759 0.181264 0.181264
0.228136 0.181599 0.1816
0.228682 0.181935 0.181935
0.229228 0.18227 0.18227
0.229774 0.182604 0.182605
0.230321 0.182939 0.182939
0.230868 0.183273 0.183273
0.231414 0.183606 0.183607
0.231961 0.183939 0.18394
0.232508 0.184272 0.184273
0.233055 0.184605 0.184605
0.233603 0.184937 0.184938
0.23415 0.185269 0.18527
0.234698 0.185601 0.185601
0.235246 0.185932 0.185933
0.235794 0.186263 0.186264
0.236342 0.186594 0.186594
0.23689 0.186924 0.186925
0.237438 0.187254 0.187255
0.237987 0.187584 0.187584
0.238535 0.187913 0.187914
0.239084 0.188242 0.188242
0.239633 0.188571 0.188571
0.240182 0.188899 0.188899
0.240731 0.189227 0.189227
0.241281 0.189555 0.189555
0.24183 0.189882 0.189882
0.24238 0.190209 0.190209
0.242929 0.190536 0.190536
0.243479 0.190862 0.190862
0.244029 0.191188 0.191188
0.24458 0.191514 0.191514
0.24513 0.191839 0.191839
0.245681 0.192164 0.192164
0.246231 0.192489 0.192489
0.246782 0.192813 0.192814
0.247333 0.193137 0.193138
0.247884 0.193461 0.193461
0.248435 0.193784 0.193785
0.248987 0.194107 0.194108
0.249538 0.19443 0.19443
0.25009 0.194752 0.194753
0.250642 0.195074 0.195075
0.251194 0.195396 0.195397
0.251746 0.195718 0.195718
0.252298 0.196039 0.196039
0.252851 0.196359 0.19636
0.253403 0.19668 0.19668
0.253956 0.197 0.197
0.254509 0.19732 0.19732
0.255062 0.197639 0.19764
0.255615 0.197958 0.197959
0.256169 0.198277 0.198278
0.256722 0.198596 0.198596
0.257276 0.198914 0.198914
0.25783 0.199232 0.199232
0.258384 0.199549 0.19955
0.258938 0.199866 0.199867
0.259492 0.200183 0.200184
0.260047 0.2005 0.2005
0.260601 0.200816 0.200816
0.261156 0.201132 0.201132
0.261711 0.201447 0.201448
0.262266 0.201762 0.201763
0.262821 0.202077 0.202078
0.263377 0.202392 0.202392
0.263932 0.202706 0.202707
0.264488 0.20302 0.203021
0.265044 0.203334 0.203334
0.2656 0.203647 0.203648
0.266156 0.20396 0.20396
0.266712 0.204273 0.204273
0.267269 0.204585 0.204585
0.267825 0.204897 0.204897
0.268382 0.205209 0.205209
0.268939 0.20552 0.20552
0.269496 0.205831 0.205832
0.270053 0.206142 0.206142
0.270611 0.206452 0.206453
0.271168 0.206762 0.206763
0.271726 0.207072 0.207072
0.272284 0.207381 0.207382
0.272842 0.207691 0.207691
0.2734 0.207999 0.208
0.273959 0.208308 0.208308
0.274517 0.208616 0.208616
0.275076 0.208924 0.208924
0.275635 0.209231 0.209232
0.276194 0.209538 0.209539
0.276753 0.209845 0.209846
0.277313 0.210152 0.210152
0.277872 0.210458 0.210459
0.278432 0.210764 0.210764
0.278992 0.21107 0.21107
0.279552 0.211375 0.211375
0.280112 0.21168 0.21168
0.280672 0.211984 0.211985
0.281233 0.212289 0.212289
0.281793 0.212593 0.212593
0.282354 0.212896 0.212897
0.282915 0.2132 0.2132
0.283476 0.213503 0.213503
0.284038 0.213806 0.213806
0.284599 0.214108 0.214109
0.285161 0.21441 0.214411
0.285723 0.214712 0.214712
0.286285 0.215013 0.215014
0.286847 0.215315 0.215315
0.287409 0.215615 0.215616
0.287972 0.215916 0.215916
0.288535 0.216216 0.216217
0.289098 0.216516 0.216516
0.289661 0.216816 0.216816
0.290224 0.217115 0.217115
0.290787 0.217414 0.217414
0.291351 0.217712 0.217713
0.291914 0.218011 0.218011
0.292478 0.218309 0.218309
0.293042 0.218606 0.218607
0.293607 0.218904 0.218904
0.294171 0.219201 0.219201
0.294736 0.219497 0.219498
0.2953 0.219794 0.219794
0.295865 0.22009 0.220091
0.29643 0.220386 0.220386
0.296996 0.220681 0.220682
0.297561 0.220976 0.220977
0.298127 0.221271 0.221272
0.298693 0.221566 0.221566
0.299258 0.22186 0.221861
0.299825 0.222154 0.222155
0.300391 0.222448 0.222448
0.300957 0.222741 0.222741
0.301524 0.223034 0.223034
0.302091 0.223327 0.223327
0.302658 0.223619 0.223619
0.303225 0.223911 0.223911
0.303793 0.224203 0.224203
0.30436 0.224494 0.224495
0.304928 0.224785 0.224786
0.305496 0.225076 0.225076
0.306064 0.225366 0.225367
0.306632 0.225657 0.225657
0.307201 0.225946 0.225947
0.307769 0.226236 0.226237
0.308338 0.226525 0.226526
0.308907 0.226814 0.226815
0.309476 0.227103 0.227103
0.310046 0.227391 0.227392
0.310615 0.227679 0.22768
0.311185 0.227967 0.227967
0.311755 0.228254 0.228255
0.312325 0.228541 0.228542
0.312895 0.228828 0.228829
0.313466 0.229114 0.229115
0.314036 0.229401 0.229401
0.314607 0.229686 0.229687
0.315178 0.229972 0.229972
0.315749 0.230257 0.230258
0.316321 0.230542 0.230543
0.316892 0.230827 0.230827
0.317464 0.231111 0.231112
0.318036 0.231395 0.231395
0.318608 0.231679 0.231679
0.31918 0.231962 0.231963
0.319753 0.232245 0.232246
0.320325 0.232528 0.232528
0.320898 0.23281 0.232811
0.321471 0.233092 0.233093
0.322045 0.233374 0.233375
0.322618 0.233656 0.233656
0.323192 0.233937 0.233937
0.323766 0.234218 0.234218
0.32434 0.234498 0.234499
0.324914 0.234779 0.234779
0.325488 0.235059 0.235059
0.326063 0.235338 0.235339
0.326637 0.235618 0.235618
0.327212 0.235897 0.235897
0.327788 0.236176 0.236176
0.328363 0.236454 0.236455
0.328938 0.236732 0.236733
0.329514 0.23701 0.237011
0.33009 0.237288 0.237288
0.330666 0.237565 0.237565
0.331242 0.237842 0.237842
0.331819 0.238118 0.238119
0.332396 0.238395 0.238395
0.332973 0.238671 0.238671
0.33355 0.238946 0.238947
0.334127 0.239222 0.239222
0.334704 0.239497 0.239498
0.335282 0.239772 0.239772
0.33586 0.240046 0.240047
0.336438 0.24032 0.240321
0.337016 0.240594 0.240595
0.337595 0.240868 0.240869
0.338173 0.241141 0.241142
0.338752 0.241414 0.241415
0.339331 0.241687 0.241688
0.339911 0.241959 0.24196
0.34049 0.242231 0.242232
0.34107 0.242503 0.242504
0.34165 0.242775 0.242775
0.34223 0.243046 0.243046
0.34281 0.243317 0.243317
0.34339 0.243587 0.243588
0.343971 0.243857 0.243858
0.344552 0.244127 0.244128
0.345133 0.244397 0.244398
0.345714 0.244666 0.244667
0.346296 0.244935 0.244936
0.346877 0.245204 0.245205
0.347459 0.245473 0.245473
0.348041 0.245741 0.245741
0.348624 0.246009 0.246009
0.349206 0.246276 0.246277
0.349789 0.246543 0.246544
0.350372 0.24681 0.246811
0.350955 0.247077 0.247078
0.351538 0.247343 0.247344
0.352122 0.247609 0.24761
0.352705 0.247875 0.247876
0.353289 0.248141 0.248141
0.353874 0.248406 0.248406
0.354458 0.248671 0.248671
0.355042 0.248935 0.248936
0.355627 0.249199 0.2492
0.356212 0.249463 0.249464
0.356797 0.249727 0.249728
0.357383 0.24999 0.249991
0.357968 0.250253 0.250254
0.358554 0.250516 0.250517
0.35914 0.250779 0.250779
0.359727 0.251041 0.251041
0.360313 0.251303 0.251303
0.3609 0.251564 0.251565
0.361487 0.251825 0.251826
0.362074 0.252086 0.252087
0.362661 0.252347 0.252348
0.363249 0.252607 0.252608
0.363836 0.252867 0.252868
0.364424 0.253127 0.253128
0.365013 0.253387 0.253387
0.365601 0.253646 0.253647
0.36619 0.253905 0.253905
0.366778 0.254163 0.254164
0.367368 0.254422 0.254422
0.367957 0.25468 0.25468
0.368546 0.254937 0.254938
0.369136 0.255195 0.255195
0.369726 0.255452 0.255452
0.370316 0.255708 0.255709
0.370906 0.255965 0.255966
0.371497 0.256221 0.256222
0.372088 0.256477 0.256478
0.372679 0.256733 0.256733
0.37327 0.256988 0.256989
0.373862 0.257243 0.257244
0.374453 0.257498 0.257498
0.375045 0.257752 0.257753
0.375637 0.258006 0.258007
0.37623 0.25826 0.258261
0.376822 0.258514 0.258514
0.377415 0.258767 0.258768
0.378008 0.25902 0.259021
0.378601 0.259273 0.259273
0.379195 0.259525 0.259526
0.379789 0.259777 0.259778
0.380383 0.260029 0.260029
0.380977 0.26028 0.260281
0.381571 0.260531 0.260532
0.382166 0.260782 0.260783
0.382761 0.261033 0.261034
0.383356 0.261283 0.261284
0.383951 0.261533 0.261534
0.384547 0.261783 0.261784
0.385142 0.262032 0.262033
0.385738 0.262281 0.262282
0.386335 0.26253 0.262531
0.386931 0.262779 0.26278
0.387528 0.263027 0.263028
0.388125 0.263275 0.263276
0.388722 0.263523 0.263523
0.389319 0.26377 0.263771
0.389917 0.264017 0.264018
0.390515 0.264264 0.264265
0.391113 0.26451 0.264511
0.391711 0.264756 0.264757
0.39231 0.265002 0.265003
0.392908 0.265248 0.265249
0.393508 0.265493 0.265494
0.394107 0.265738 0.265739
0.394706 0.265983 0.265984
0.395306 0.266227 0.266228
0.395906 0.266472 0.266472
0.396506 0.266715 0.266716
0.397107 0.266959 0.26696
0.397707 0.267202 0.267203
0.398308 0.267445 0.267446
0.39891 0.267688 0.267689
0.399511 0.26793 0.267931
0.400113 0.268172 0.268173
0.400714 0.268414 0.268415
0.401317 0.268656 0.268657
0.401919 0.268897 0.268898
0.402522 0.269138 0.269139
0.403125 0.269379 0.269379
0.403728 0.269619 0.26962
0.404331 0.269859 0.26986
0.404935 0.270099 0.2701
0.405538 0.270338 0.270339
0.406143 0.270577 0.270578
0.406747 0.270816 0.270817
0.407351 0.271055 0.271056
0.407956 0.271293 0.271294
0.408561 0.271531 0.271532
0.409167 0.271769 0.27177
0.409772 0.272007 0.272007
0.410378 0.272244 0.272245
0.410984 0.272481 0.272481
0.41159 0.272717 0.272718
0.412197 0.272953 0.272954
0.412804 0.273189 0.27319
0.413411 0.273425 0.273426
0.414018 0.273661 0.273661
0.414626 0.273896 0.273897
0.415234 0.274131 0.274131
0.415842 0.274365 0.274366
0.41645 0.274599 0.2746
0.417059 0.274833 0.274834
0.417668 0.275067 0.275068
0.418277 0.2753 0.275301
0.418886 0.275534 0.275534
0.419496 0.275766 0.275767
0.420105 0.275999 0.276
0.420716 0.276231 0.276232
0.421326 0.276463 0.276464
0.421937 0.276695 0.276696
0.422548 0.276926 0.276927
0.423159 0.277157 0.277158
0.42377 0.277388 0.277389
0.424382 0.277619 0.27762
0.424994 0.277849 0.27785
0.425606 0.278079 0.27808
0.426218 0.278308 0.278309
0.426831 0.278538 0.278539
0.427444 0.278767 0.278768
0.428057 0.278996 0.278997
0.428671 0.279224 0.279225
0.429285 0.279452 0.279453
0.429899 0.27968 0.279681
0.430513 0.279908 0.279909
0.431127 0.280135 0.280136
0.431742 0.280362 0.280363
0.432357 0.280589 0.28059
0.432973 0.280816 0.280817
0.433588 0.281042 0.281043
0.434204 0.281268 0.281269
0.43482 0.281493 0.281494
0.435437 0.281719 0.28172
0.436054 0.281944 0.281945
0.43667 0.282169 0.28217
0.437288 0.282393 0.282394
0.437905 0.282617 0.282618
0.438523 0.282841 0.282842
0.439141 0.283065 0.283066
0.439759 0.283288 0.283289
0.440378 0.283511 0.283512
0.440997 0.283734 0.283735
0.441616 0.283957 0.283958
0.442235 0.284179 0.28418
0.442855 0.284401 0.284402
0.443475 0.284622 0.284623
0.444095 0.284844 0.284845
0.444716 0.285065 0.285066
0.445337 0.285285 0.285286
0.445958 0.285506 0.285507
0.446579 0.285726 0.285727
0.447201 0.285946 0.285947
0.447823 0.286166 0.286167
0.448445 0.286385 0.286386
0.449067 0.286604 0.286605
0.44969 0.286823 0.286824
0.450313 0.287041 0.287042
0.450936 0.28726 0.287261
0.45156 0.287478 0.287479
0.452184 0.287695 0.287696
0.452808 0.287913 0.287914
0.453432 0.28813 0.288131
0.454057 0.288346 0.288347
0.454682 0.288563 0.288564
0.455307 0.288779 0.28878
0.455933 0.288995 0.288996
0.456559 0.289211 0.289212
0.457185 0.289426 0.289427
0.457811 0.289641 0.289642
0.458438 0.289856 0.289857
0.459065 0.29007 0.290071
0.459693 0.290285 0.290286
0.46032 0.290499 0.2905
0.460948 0.290712 0.290713
0.461576 0.290926 0.290927
0.462205 0.291139 0.29114
0.462833 0.291351 0.291352
0.463462 0.291564 0.291565
0.464092 0.291776 0.291777
0.464721 0.291988 0.291989
0.465351 0.2922 0.292201
0.465982 0.292411 0.292412
0.466612 0.292622 0.292623
0.467243 0.292833 0.292834
0.467874 0.293044 0.293045
0.468506 0.293254 0.293255
0.469137 0.293464 0.293465
0.469769 0.293674 0.293675
0.470402 0.293883 0.293884
0.471034 0.294092 0.294093
0.471667 0.294301 0.294302
0.4723 0.294509 0.29451
0.472934 0.294718 0.294719
0.473568 0.294926 0.294927
0.474202 0.295133 0.295134
0.474836 0.295341 0.295342
0.475471 0.295548 0.295549
0.476106 0.295755 0.295756
0.476741 0.295961 0.295962
0.477377 0.296168 0.296169
0.478013 0.296374 0.296375
0.478649 0.296579 0.29658
0.479285 0.296785 0.296786
0.479922 0.29699 0.296991
0.480559 0.297195 0.297196
0.481197 0.297399 0.2974
0.481835 0.297604 0.297605
0.482473 0.297808 0.297809
0.483111 0.298011 0.298013
0.48375 0.298215 0.298216
0.484389 0.298418 0.298419
0.485028 0.298621 0.298622
0.485668 0.298824 0.298825
0.486308 0.299026 0.299027
0.486948 0.299228 0.299229
0.487589 0.29943 0.299431
0.48823 0.299631 0.299632
0.488871 0.299832 0.299834
0.489512 0.300033 0.300034
0.490154 0.300234 0.300235
0.490796 0.300434 0.300435
0.491439 0.300634 0.300636
0.492082 0.300834 0.300835
0.492725 0.301034 0.301035
0.493368 0.301233 0.301234
0.494012 0.301432 0.301433
0.494656 0.30163 0.301632
0.4953 0.301829 0.30183
0.495945 0.302027 0.302028
0.49659 0.302225 0.302226
0.497236 0.302422 0.302423
0.497881 0.30262 0.302621
0.498527 0.302817 0.302818
0.499174 0.303013 0.303014
0.49982 0.30321 0.303211
0.500467 0.303406 0.303407
0.501115 0.303602 0.303603
0.501762 0.303797 0.303798
0.50241 0.303992 0.303994
0.503059 0.304187 0.304189
0.503707 0.304382 0.304383
0.504356 0.304577 0.304578
0.505005 0.304771 0.304772
0.505655 0.304965 0.304966
0.506305 0.305158 0.305159
0.506955 0.305351 0.305353
0.507606 0.305544 0.305546
0.508257 0.305737 0.305738
0.508908 0.30593 0.305931
0.50956 0.306122 0.306123
0.510212 0.306314 0.306315
0.510864 0.306505 0.306507
0.511517 0.306697 0.306698
0.51217 0.306888 0.306889
0.512823 0.307079 0.30708
0.513477 0.307269 0.30727
0.514131 0.307459 0.307461
0.514785 0.307649 0.30765
0.51544 0.307839 0.30784
0.516095 0.308028 0.308029
0.51675 0.308217 0.308219
0.517406 0.308406 0.308407
0.518062 0.308595 0.308596
0.518718 0.308783 0.308784
0.519375 0.308971 0.308972
0.520032 0.309158 0.30916
0.520689 0.309346 0.309347
0.521347 0.309533 0.309534
0.522005 0.30972 0.309721
0.522664 0.309906 0.309908
0.523323 0.310093 0.310094
0.523982 0.310279 0.31028
0.524641 0.310464 0.310466
0.525301 0.31065 0.310651
0.525961 0.310835 0.310836
0.526622 0.31102 0.311021
0.527283 0.311204 0.311206
0.527944 0.311389 0.31139
0.528606 0.311573 0.311574
0.529268 0.311756 0.311758
0.52993 0.31194 0.311941
0.530593 0.312123 0.312124
0.531256 0.312306 0.312307
0.531919 0.312489 0.31249
0.532583 0.312671 0.312672
0.533247 0.312853 0.312854
0.533912 0.313035 0.313036
0.534576 0.313216 0.313218
0.535242 0.313397 0.313399
0.535907 0.313578 0.31358
0.536573 0.313759 0.31376
0.537239 0.313939 0.313941
0.537906 0.31412 0.314121
0.538573 0.314299 0.314301
0.539241 0.314479 0.31448
0.539908 0.314658 0.314659
0.540576 0.314837 0.314838
0.541245 0.315016 0.315017
0.541914 0.315194 0.315196
0.542583 0.315372 0.315374
0.543253 0.31555 0.315551
0.543923 0.315728 0.315729
0.544593 0.315905 0.315906
0.545264 0.316082 0.316083
0.545935 0.316259 0.31626
0.546606 0.316435 0.316436
0.547278 0.316611 0.316613
0.54795 0.316787 0.316788
0.548623 0.316963 0.316964
0.549296 0.317138 0.317139
0.549969 0.317313 0.317314
0.550643 0.317488 0.317489
0.551317 0.317662 0.317664
0.551991 0.317836 0.317838
0.552666 0.31801 0.318012
0.553341 0.318184 0.318185
0.554017 0.318357 0.318359
0.554693 0.31853 0.318532
0.555369 0.318703 0.318704
0.556046 0.318875 0.318877
0.556723 0.319048 0.319049
0.557401 0.31922 0.319221
0.558079 0.319391 0.319393
0.558757 0.319563 0.319564
0.559436 0.319734 0.319735
0.560115 0.319904 0.319906
0.560794 0.320075 0.320076
0.561474 0.320245 0.320247
0.562154 0.320415 0.320417
0.562835 0.320585 0.320586
0.563516 0.320754 0.320756
0.564197 0.320923 0.320925
0.564879 0.321092 0.321094
0.565561 0.321261 0.321262
0.566244 0.321429 0.32143
0.566927 0.321597 0.321598
0.56761 0.321765 0.321766
0.568294 0.321932 0.321933
0.568978 0.322099 0.322101
0.569663 0.322266 0.322267
0.570348 0.322432 0.322434
0.571033 0.322599 0.3226
0.571719 0.322765 0.322766
0.572405 0.32293 0.322932
0.573092 0.323096 0.323097
0.573779 0.323261 0.323263
0.574466 0.323426 0.323428
0.575154 0.323591 0.323592
0.575842 0.323755 0.323756
0.576531 0.323919 0.32392
0.57722 0.324083 0.324084
0.577909 0.324246 0.324248
0.578599 0.324409 0.324411
0.579289 0.324572 0.324574
0.57998 0.324735 0.324736
0.580671 0.324897 0.324899
0.581362 0.325059 0.325061
0.582054 0.325221 0.325222
0.582746 0.325382 0.325384
0.583439 0.325543 0.325545
0.584132 0.325704 0.325706
0.584826 0.325865 0.325867
0.58552 0.326025 0.326027
0.586214 0.326185 0.326187
0.586909 0.326345 0.326347
0.587604 0.326505 0.326506
0.5883 0.326664 0.326666
0.588996 0.326823 0.326824
0.589692 0.326981 0.326983
0.590389 0.32714 0.327141
0.591086 0.327298 0.3273
0.591784 0.327456 0.327457
0.592482 0.327613 0.327615
0.593181 0.32777 0.327772
0.59388 0.327927 0.327929
0.594579 0.328084 0.328086
0.595279 0.32824 0.328242
0.59598 0.328396 0.328398
0.59668 0.328552 0.328554
0.597381 0.328708 0.32871
0.598083 0.328863 0.328865
0.598785 0.329018 0.32902
0.599487 0.329173 0.329174
0.60019 0.329327 0.329329
0.600894 0.329481 0.329483
0.601597 0.329635 0.329637
0.602302 0.329788 0.32979
0.603006 0.329942 0.329943
0.603711 0.330095 0.330096
0.604417 0.330247 0.330249
0.605123 0.3304 0.330401
0.605829 0.330552 0.330554
0.606536 0.330704 0.330705
0.607243 0.330855 0.330857
0.607951 0.331006 0.331008
0.608659 0.331157 0.331159
0.609368 0.331308 0.33131
0.610077 0.331458 0.33146
0.610786 0.331609 0.33161
0.611496 0.331758 0.33176
0.612206 0.331908 0.33191
0.612917 0.332057 0.332059
0.613629 0.332206 0.332208
0.61434 0.332355 0.332357
0.615052 0.332503 0.332505
0.615765 0.332651 0.332653
0.616478 0.332799 0.332801
0.617192 0.332947 0.332949
0.617906 0.333094 0.333096
0.61862 0.333241 0.333243
0.619335 0.333388 0.333389
0.62005 0.333534 0.333536
0.620766 0.33368 0.333682
0.621483 0.333826 0.333828
0.622199 0.333971 0.333973
0.622916 0.334117 0.334119
0.623634 0.334262 0.334264
0.624352 0.334406 0.334408
0.625071 0.334551 0.334553
0.62579 0.334695 0.334697
0.626509 0.334839 0.334841
0.627229 0.334982 0.334984
0.62795 0.335125 0.335127
0.628671 0.335268 0.33527
0.629392 0.335411 0.335413
0.630114 0.335553 0.335555
0.630836 0.335695 0.335697
0.631559 0.335837 0.335839
0.632282 0.335979 0.335981
0.633006 0.33612 0.336122
0.63373 0.336261 0.336263
0.634455 0.336402 0.336404
0.63518 0.336542 0.336544
0.635906 0.336682 0.336684
0.636632 0.336822 0.336824
0.637359 0.336961 0.336963
0.638086 0.337101 0.337102
0.638813 0.337239 0.337241
0.639542 0.337378 0.33738
0.64027 0.337516 0.337518
0.640999 0.337654 0.337656
0.641729 0.337792 0.337794
0.642459 0.33793 0.337932
0.643189 0.338067 0.338069
0.64392 0.338204 0.338206
0.644652 0.33834 0.338342
0.645384 0.338477 0.338479
0.646116 0.338613 0.338615
0.646849 0.338748 0.33875
0.647582 0.338884 0.338886
0.648316 0.339019 0.339021
0.649051 0.339154 0.339156
0.649786 0.339289 0.339291
0.650521 0.339423 0.339425
0.651257 0.339557 0.339559
0.651993 0.339691 0.339693
0.65273 0.339824 0.339826
0.653468 0.339957 0.339959
0.654206 0.34009 0.340092
0.654944 0.340222 0.340225
0.655683 0.340355 0.340357
0.656422 0.340487 0.340489
0.657162 0.340618 0.34062
0.657903 0.34075 0.340752
0.658644 0.340881 0.340883
0.659385 0.341012 0.341014
0.660127 0.341142 0.341144
0.660869 0.341272 0.341274
0.661612 0.341402 0.341404
0.662356 0.341532 0.341534
0.6631 0.341661 0.341663
0.663844 0.34179 0.341792
0.664589 0.341919 0.341921
0.665335 0.342047 0.34205
0.666081 0.342176 0.342178
0.666828 0.342303 0.342306
0.667575 0.342431 0.342433
0.668322 0.342558 0.342561
0.669071 0.342685 0.342688
0.669819 0.342812 0.342814
0.670568 0.342938 0.342941
0.671318 0.343065 0.343067
0.672068 0.34319 0.343193
0.672819 0.343316 0.343318
0.67357 0.343441 0.343443
0.674322 0.343566 0.343568
0.675075 0.343691 0.343693
0.675828 0.343815 0.343817
0.676581 0.343939 0.343941
0.677335 0.344063 0.344065
0.678089 0.344186 0.344189
0.678844 0.34431 0.344312
0.6796 0.344432 0.344435
0.680356 0.344555 0.344557
0.681113 0.344677 0.34468
0.68187 0.344799 0.344802
0.682628 0.344921 0.344923
0.683386 0.345042 0.345045
0.684145 0.345163 0.345166
0.684904 0.345284 0.345287
0.685664 0.345405 0.345407
0.686424 0.345525 0.345527
0.687185 0.345645 0.345647
0.687947 0.345765 0.345767
0.688709 0.345884 0.345886
0.689471 0.346003 0.346005
0.690235 0.346122 0.346124
0.690998 0.34624 0.346242
0.691763 0.346358 0.346361
0.692527 0.346476 0.346478
0.693293 0.346594 0.346596
0.694059 0.346711 0.346713
0.694825 0.346828 0.34683
0.695592 0.346944 0.346947
0.69636 0.347061 0.347063
0.697128 0.347177 0.347179
0.697897 0.347293 0.347295
0.698666 0.347408 0.34741
0.699436 0.347523 0.347526
0.700207 0.347638 0.34764
0.700978 0.347753 0.347755
0.701749 0.347867 0.347869
0.702521 0.347981 0.347983
0.703294 0.348095 0.348097
0.704067 0.348208 0.34821
0.704841 0.348321 0.348323
0.705616 0.348434 0.348436
0.706391 0.348546 0.348549
0.707166 0.348658 0.348661
0.707942 0.34877 0.348773
0.708719 0.348882 0.348884
0.709496 0.348993 0.348995
0.710274 0.349104 0.349106
0.711053 0.349215 0.349217
0.711832 0.349325 0.349327
0.712611 0.349435 0.349438
0.713392 0.349545 0.349547
0.714172 0.349654 0.349657
0.714954 0.349763 0.349766
0.715736 0.349872 0.349875
0.716518 0.349981 0.349983
0.717302 0.350089 0.350092
0.718085 0.350197 0.3502
0.71887 0.350305 0.350307
0.719655 0.350412 0.350415
0.72044 0.350519 0.350522
0.721226 0.350626 0.350628
0.722013 0.350732 0.350735
0.7228 0.350838 0.350841
0.723588 0.350944 0.350947
0.724377 0.35105 0.351052
0.725166 0.351155 0.351157
0.725956 0.35126 0.351262
0.726746 0.351364 0.351367
0.727537 0.351469 0.351471
0.728329 0.351573 0.351575
0.729121 0.351676 0.351679
0.729914 0.35178 0.351782
0.730707 0.351883 0.351885
0.731501 0.351986 0.351988
0.732296 0.352088 0.352091
0.733091 0.35219 0.352193
0.733887 0.352292 0.352295
0.734683 0.352394 0.352396
0.73548 0.352495 0.352497
0.736278 0.352596 0.352598
0.737076 0.352696 0.352699
0.737875 0.352797 0.352799
0.738675 0.352897 0.352899
0.739475 0.352996 0.352999
0.740276 0.353096 0.353098
0.741077 0.353195 0.353198
0.741879 0.353294 0.353296
0.742682 0.353392 0.353395
0.743485 0.35349 0.353493
0.744289 0.353588 0.353591
0.745094 0.353686 0.353688
0.745899 0.353783 0.353786
0.746705 0.35388 0.353883
0.747512 0.353977 0.353979
0.748319 0.354073 0.354076
0.749126 0.354169 0.354172
0.749935 0.354265 0.354267
0.750744 0.35436 0.354363
0.751554 0.354455 0.354458
0.752364 0.35455 0.354552
0.753175 0.354644 0.354647
0.753987 0.354738 0.354741
0.754799 0.354832 0.354835
0.755612 0.354926 0.354928
0.756426 0.355019 0.355022
0.75724 0.355112 0.355114
0.758055 0.355204 0.355207
0.75887 0.355297 0.355299
0.759687 0.355388 0.355391
0.760503 0.35548 0.355483
0.761321 0.355571 0.355574
0.762139 0.355662 0.355665
0.762958 0.355753 0.355756
0.763778 0.355844 0.355846
0.764598 0.355934 0.355936
0.765419 0.356023 0.356026
0.76624 0.356113 0.356116
0.767062 0.356202 0.356205
0.767885 0.356291 0.356294
0.768709 0.356379 0.356382
0.769533 0.356467 0.35647
0.770358 0.356555 0.356558
0.771184 0.356643 0.356646
0.77201 0.35673 0.356733
0.772837 0.356817 0.35682
0.773664 0.356904 0.356906
0.774493 0.35699 0.356993
0.775322 0.357076 0.357079
0.776151 0.357161 0.357164
0.776982 0.357247 0.35725
0.777813 0.357332 0.357335
0.778644 0.357417 0.357419
0.779477 0.357501 0.357504
0.78031 0.357585 0.357588
0.781144 0.357669 0.357672
0.781978 0.357752 0.357755
0.782813 0.357835 0.357838
0.783649 0.357918 0.357921
0.784486 0.358 0.358003
0.785323 0.358083 0.358086
0.786161 0.358164 0.358167
0.787 0.358246 0.358249
0.787839 0.358327 0.35833
0.788679 0.358408 0.358411
0.78952 0.358489 0.358492
0.790362 0.358569 0.358572
0.791204 0.358649 0.358652
0.792047 0.358728 0.358731
0.79289 0.358808 0.358811
0.793735 0.358886 0.35889
0.79458 0.358965 0.358968
0.795426 0.359043 0.359046
0.796272 0.359121 0.359124
0.797119 0.359199 0.359202
0.797967 0.359276 0.359279
0.798816 0.359353 0.359356
0.799665 0.35943 0.359433
0.800515 0.359506 0.359509
0.801366 0.359582 0.359585
0.802218 0.359658 0.359661
0.80307 0.359733 0.359737
0.803923 0.359808 0.359812
0.804777 0.359883 0.359886
0.805632 0.359958 0.359961
0.806487 0.360032 0.360035
0.807343 0.360105 0.360109
0.8082 0.360179 0.360182
0.809057 0.360252 0.360255
0.809915 0.360325 0.360328
0.810774 0.360397 0.3604
0.811634 0.360469 0.360472
0.812494 0.360541 0.360544
0.813356 0.360612 0.360616
0.814218 0.360684 0.360687
0.81508 0.360754 0.360758
0.815944 0.360825 0.360828
0.816808 0.360895 0.360898
0.817673 0.360965 0.360968
0.818539 0.361034 0.361038
0.819405 0.361103 0.361107
0.820272 0.361172 0.361176
0.821141 0.361241 0.361244
0.822009 0.361309 0.361312
0.822879 0.361377 0.36138
0.823749 0.361444 0.361448
0.82462 0.361511 0.361515
0.825492 0.361578 0.361582
0.826365 0.361645 0.361648
0.827238 0.361711 0.361714
0.828112 0.361777 0.36178
0.828987 0.361842 0.361846
0.829863 0.361907 0.361911
0.83074 0.361972 0.361976
0.831617 0.362037 0.36204
0.832495 0.362101 0.362104
0.833374 0.362165 0.362168
0.834254 0.362228 0.362232
0.835134 0.362291 0.362295
0.836015 0.362354 0.362358
0.836898 0.362417 0.36242
0.83778 0.362479 0.362482
0.838664 0.362541 0.362544
0.839548 0.362602 0.362606
0.840434 0.362663 0.362667
0.84132 0.362724 0.362728
0.842207 0.362785 0.362788
0.843094 0.362845 0.362848
0.843983 0.362904 0.362908
0.844872 0.362964 0.362967
0.845762 0.363023 0.363027
0.846653 0.363082 0.363085
0.847545 0.36314 0.363144
0.848437 0.363198 0.363202
0.849331 0.363256 0.36326
0.850225 0.363314 0.363317
0.85112 0.363371 0.363374
0.852016 0.363427 0.363431
0.852912 0.363484 0.363487
0.85381 0.36354 0.363543
0.854708 0.363596 0.363599
0.855607 0.363651 0.363654
0.856507 0.363706 0.36371
0.857408 0.363761 0.363764
0.858309 0.363815 0.363819
0.859212 0.363869 0.363873
0.860115 0.363923 0.363926
0.861019 0.363976 0.36398
0.861924 0.364029 0.364032
0.86283 0.364081 0.364085
0.863737 0.364134 0.364137
0.864644 0.364186 0.364189
0.865553 0.364237 0.364241
0.866462 0.364288 0.364292
0.867372 0.364339 0.364343
0.868283 0.36439 0.364394
0.869195 0.36444 0.364444
0.870107 0.36449 0.364494
0.871021 0.364539 0.364543
0.871935 0.364589 0.364592
0.87285 0.364637 0.364641
0.873766 0.364686 0.36469
0.874683 0.364734 0.364738
0.875601 0.364782 0.364786
0.87652 0.364829 0.364833
0.877439 0.364876 0.36488
0.87836 0.364923 0.364927
0.879281 0.364969 0.364973
0.880203 0.365015 0.365019
0.881127 0.365061 0.365065
0.882051 0.365106 0.36511
0.882975 0.365151 0.365155
0.883901 0.365196 0.3652
0.884828 0.36524 0.365244
0.885755 0.365284 0.365288
0.886684 0.365327 0.365331
0.887613 0.365371 0.365374
0.888543 0.365413 0.365417
0.889474 0.365456 0.36546
0.890406 0.365498 0.365502
0.891339 0.36554 0.365544
0.892273 0.365581 0.365585
0.893208 0.365622 0.365626
0.894144 0.365663 0.365667
0.89508 0.365703 0.365707
0.896018 0.365743 0.365747
0.896956 0.365783 0.365787
0.897895 0.365822 0.365826
0.898836 0.365861 0.365865
0.899777 0.3659 0.365904
0.900719 0.365938 0.365942
0.901662 0.365976 0.36598
0.902606 0.366013 0.366017
0.903551 0.36605 0.366054
0.904496 0.366087 0.366091
0.905443 0.366123 0.366127
0.906391 0.366159 0.366163
0.907339 0.366195 0.366199
0.908289 0.36623 0.366234
0.909239 0.366265 0.366269
0.910191 0.3663 0.366304
0.911143 0.366334 0.366338
0.912096 0.366368 0.366372
0.913051 0.366401 0.366406
0.914006 0.366435 0.366439
0.914962 0.366467 0.366471
0.915919 0.3665 0.366504
0.916877 0.366532 0.366536
0.917836 0.366563 0.366568
0.918796 0.366595 0.366599
0.919757 0.366626 0.36663
0.920719 0.366656 0.36666
0.921682 0.366686 0.366691
0.922646 0.366716 0.36672
0.923611 0.366746 0.36675
0.924577 0.366775 0.366779
0.925544 0.366803 0.366808
0.926511 0.366832 0.366836
0.92748 0.36686 0.366864
0.92845 0.366887 0.366892
0.929421 0.366915 0.366919
0.930392 0.366941 0.366946
0.931365 0.366968 0.366972
0.932339 0.366994 0.366998
0.933314 0.36702 0.367024
0.934289 0.367045 0.36705
0.935266 0.36707 0.367075
0.936244 0.367095 0.367099
0.937223 0.367119 0.367123
0.938202 0.367143 0.367147
0.939183 0.367166 0.367171
0.940165 0.36719 0.367194
0.941148 0.367212 0.367217
0.942132 0.367235 0.367239
0.943116 0.367257 0.367261
0.944102 0.367278 0.367283
0.945089 0.3673 0.367304
0.946077 0.367321 0.367325
0.947066 0.367341 0.367345
0.948056 0.367361 0.367366
0.949047 0.367381 0.367385
0.950039 0.3674 0.367405
0.951032 0.367419 0.367424
0.952026 0.367438 0.367442
0.953021 0.367456 0.367461
0.954018 0.367474 0.367478
0.955015 0.367491 0.367496
0.956013 0.367508 0.367513
0.957013 0.367525 0.36753
0.958013 0.367541 0.367546
0.959015 0.367557 0.367562
0.960017 0.367573 0.367577
0.961021 0.367588 0.367593
0.962025 0.367603 0.367607
0.963031 0.367617 0.367622
0.964038 0.367631 0.367636
0.965046 0.367645 0.367649
0.966055 0.367658 0.367663
0.967065 0.367671 0.367675
0.968076 0.367683 0.367688
0.969088 0.367695 0.3677
0.970102 0.367707 0.367712
0.971116 0.367718 0.367723
0.972131 0.367729 0.367734
0.973148 0.36774 0.367744
0.974166 0.36775 0.367755
0.975184 0.36776 0.367764
0.976204 0.367769 0.367774
0.977225 0.367778 0.367783
0.978247 0.367786 0.367791
0.979271 0.367794 0.367799
0.980295 0.367802 0.367807
0.98132 0.36781 0.367814
0.982347 0.367817 0.367821
0.983375 0.367823 0.367828
0.984403 0.367829 0.367834
0.985433 0.367835 0.36784
0.986464 0.367841 0.367845
0.987497 0.367846 0.36785
0.98853 0.36785 0.367855
0.989564 0.367854 0.367859
0.9906 0.367858 0.367863
0.991637 0.367862 0.367867
0.992675 0.367865 0.36787
0.993714 0.367867 0.367872
0.994754 0.367869 0.367874
0.995795 0.367871 0.367876
0.996838 0.367873 0.367878
0.997881 0.367874 0.367879
0.998926 0.367874 0.367879
0.999972 0.367874 0.367879
1.00102 0.367874 0.367879
1.00207 0.367874 0.367879
1.00312 0.367873 0.367878
1.00417 0.367871 0.367876
1.00522 0.367869 0.367874
1.00627 0.367867 0.367872
1.00733 0.367864 0.36787
1.00838 0.367861 0.367867
1.00944 0.367858 0.367863
1.0105 0.367854 0.367859
1.01156 0.36785 0.367855
1.01262 0.367845 0.36785
1.01368 0.36784 0.367845
1.01474 0.367835 0.36784
1.0158 0.367829 0.367834
1.01687 0.367822 0.367828
1.01794 0.367816 0.367821
1.019 0.367809 0.367814
1.02007 0.367801 0.367806
1.02114 0.367793 0.367798
1.02221 0.367785 0.36779
1.02328 0.367776 0.367781
1.02436 0.367767 0.367772
1.02543 0.367757 0.367762
1.02651 0.367747 0.367752
1.02759 0.367737 0.367742
1.02866 0.367726 0.367731
1.02974 0.367715 0.36772
1.03083 0.367703 0.367708
1.03191 0.367691 0.367696
1.03299 0.367678 0.367684
1.03408 0.367665 0.367671
1.03516 0.367652 0.367657
1.03625 0.367638 0.367643
1.03734 0.367624 0.367629
1.03843 0.367609 0.367615
1.03952 0.367594 0.3676
1.04061 0.367579 0.367584
1.04171 0.367563 0.367568
1.0428 0.367546 0.367552
1.0439 0.36753 0.367535
1.045 0.367512 0.367518
1.04609 0.367495 0.3675
1.04719 0.367477 0.367482
1.0483 0.367458 0.367464
1.0494 0.36744 0.367445
1.0505 0.36742 0.367426
1.05161 0.3674 0.367406
1.05271 0.36738 0.367386
1.05382 0.36736 0.367365
1.05493 0.367339 0.367344
1.05604 0.367317 0.367323
1.05716 0.367295 0.367301
1.05827 0.367273 0.367279
1.05938 0.36725 0.367256
1.0605 0.367227 0.367233
1.06162 0.367203 0.367209
1.06274 0.367179 0.367185
1.06386 0.367155 0.367161
1.06498 0.36713 0.367136
1.0661 0.367105 0.36711
1.06722 0.367079 0.367085
1.06835 0.367052 0.367058
1.06948 0.367026 0.367032
1.07061 0.366999 0.367005
1.07174 0.366971 0.366977
1.07287 0.366943 0.366949
1.074 0.366915 0.366921
1.07513 0.366886 0.366892
1.07627 0.366856 0.366862
1.0774 0.366827 0.366833
1.07854 0.366796 0.366802
1.07968 0.366766 0.366772
1.08082 0.366735 0.366741
1.08197 0.366703 0.366709
1.08311 0.366671 0.366677
1.08425 0.366639 0.366645
1.0854 0.366606 0.366612
1.08655 0.366573 0.366579
1.0877 0.366539 0.366545
1.08885 0.366505 0.366511
1.09 0.36647 0.366476
1.09115 0.366435 0.366441
1.09231 0.366399 0.366405
1.09347 0.366363 0.366369
1.09462 0.366327 0.366333
1.09578 0.36629 0.366296
1.09695 0.366252 0.366258
1.09811 0.366214 0.366221
1.09927 0.366176 0.366182
1.10044 0.366137 0.366144
1.1016 0.366098 0.366104
1.10277 0.366059 0.366065
1.10394 0.366018 0.366025
1.10511 0.365978 0.365984
1.10629 0.365937 0.365943
1.10746 0.365895 0.365902
1.10864 0.365853 0.36586
1.10981 0.365811 0.365817
1.11099 0.365768 0.365774
1.11217 0.365725 0.365731
1.11335 0.365681 0.365687
1.11454 0.365637 0.365643
1.11572 0.365592 0.365598
1.11691 0.365547 0.365553
1.1181 0.365501 0.365507
1.11929 0.365455 0.365461
1.12048 0.365408 0.365415
1.12167 0.365361 0.365368
1.12286 0.365314 0.36532
1.12406 0.365266 0.365272
1.12526 0.365217 0.365224
1.12646 0.365168 0.365175
1.12766 0.365119 0.365125
1.12886 0.365069 0.365075
1.13006 0.365018 0.365025
1.13127 0.364968 0.364974
1.13247 0.364916 0.364923
1.13368 0.364864 0.364871
1.13489 0.364812 0.364819
1.1361 0.364759 0.364766
1.13732 0.364706 0.364713
1.13853 0.364652 0.364659
1.13975 0.364598 0.364605
1.14097 0.364544 0.36455
1.14219 0.364488 0.364495
1.14341 0.364433 0.36444
1.14463 0.364377 0.364383
1.14585 0.36432 0.364327
1.14708 0.364263 0.36427
1.14831 0.364205 0.364212
1.14954 0.364147 0.364154
1.15077 0.364089 0.364096
1.152 0.36403 0.364037
1.15324 0.36397 0.363977
1.15447 0.36391 0.363917
1.15571 0.36385 0.363857
1.15695 0.363789 0.363796
1.15819 0.363727 0.363734
1.15943 0.363665 0.363672
1.16068 0.363603 0.36361
1.16192 0.36354 0.363547
1.16317 0.363477 0.363484
1.16442 0.363413 0.36342
1.16567 0.363348 0.363355
1.16692 0.363283 0.36329
1.16818 0.363218 0.363225
1.16944 0.363152 0.363159
1.17069 0.363086 0.363093
1.17195 0.363019 0.363026
1.17322 0.362951 0.362958
1.17448 0.362883 0.36289
1.17574 0.362815 0.362822
1.17701 0.362746 0.362753
1.17828 0.362676 0.362684
1.17955 0.362606 0.362614
1.18082 0.362536 0.362543
1.1821 0.362465 0.362472
1.18337 0.362394 0.362401
1.18465 0.362322 0.362329
1.18593 0.362249 0.362256
1.18721 0.362176 0.362183
1.1885 0.362103 0.36211
1.18978 0.362029 0.362036
1.19107 0.361954 0.361961
1.19236 0.361879 0.361886
1.19365 0.361804 0.361811
1.19494 0.361727 0.361735
1.19623 0.361651 0.361658
1.19753 0.361574 0.361581
1.19883 0.361496 0.361504
1.20013 0.361418 0.361425
1.20143 0.361339 0.361347
1.20273 0.36126 0.361268
1.20404 0.36118 0.361188
1.20534 0.3611 0.361108
1.20665 0.361019 0.361027
1.20796 0.360938 0.360946
1.20928 0.360856 0.360864
1.21059 0.360774 0.360782
1.21191 0.360691 0.360699
1.21323 0.360608 0.360615
1.21455 0.360524 0.360532
1.21587 0.360439 0.360447
1.21719 0.360354 0.360362
1.21852 0.360269 0.360277
1.21985 0.360183 0.360191
1.22118 0.360096 0.360104
1.22251 0.360009 0.360017
1.22384 0.359922 0.359929
1.22518 0.359833 0.359841
1.22652 0.359745 0.359753
1.22786 0.359655 0.359663
1.2292 0.359566 0.359574
1.23054 0.359475 0.359483
1.23189 0.359384 0.359392
1.23324 0.359293 0.359301
1.23459 0.359201 0.359209
1.23594 0.359108 0.359116
1.2373 0.359015 0.359023
1.23865 0.358922 0.35893
1.24001 0.358828 0.358836
1.24137 0.358733 0.358741
1.24273 0.358638 0.358646
1.2441 0.358542 0.35855
1.24546 0.358446 0.358454
1.24683 0.358349 0.358357
1.2482 0.358251 0.358259
1.24958 0.358153 0.358161
1.25095 0.358055 0.358063
1.25233 0.357955 0.357964
1.25371 0.357856 0.357864
1.25509 0.357756 0.357764
1.25647 0.357655 0.357663
1.25786 0.357553 0.357562
1.25924 0.357451 0.35746
1.26063 0.357349 0.357357
1.26203 0.357246 0.357254
1.26342 0.357142 0.357151
1.26482 0.357038 0.357046
1.26622 0.356933 0.356942
1.26762 0.356828 0.356836
1.26902 0.356722 0.35673
1.27042 0.356616 0.356624
1.27183 0.356508 0.356517
1.27324 0.356401 0.356409
1.27465 0.356293 0.356301
1.27607 0.356184 0.356192
1.27748 0.356075 0.356083
1.2789 0.355965 0.355973
1.28032 0.355854 0.355863
1.28174 0.355743 0.355752
1.28317 0.355631 0.35564
1.2846 0.355519 0.355528
1.28603 0.355406 0.355415
1.28746 0.355293 0.355302
1.28889 0.355179 0.355188
1.29033 0.355064 0.355073
1.29177 0.354949 0.354958
1.29321 0.354833 0.354842
1.29465 0.354717 0.354726
1.2961 0.3546 0.354609
1.29755 0.354482 0.354491
1.299 0.354364 0.354373
1.30045 0.354245 0.354254
1.30191 0.354126 0.354135
1.30336 0.354006 0.354015
1.30482 0.353886 0.353895
1.30629 0.353765 0.353774
1.30775 0.353643 0.353652
1.30922 0.35352 0.353529
1.31069 0.353397 0.353407
1.31216 0.353274 0.353283
1.31364 0.35315 0.353159
1.31511 0.353025 0.353034
1.31659 0.3529 0.352909
1.31808 0.352774 0.352783
1.31956 0.352647 0.352656
1.32105 0.35252 0.352529
1.32254 0.352392 0.352401
1.32403 0.352264 0.352273
1.32552 0.352134 0.352144
1.32702 0.352005 0.352014
1.32852 0.351874 0.351884
1.33002 0.351744 0.351753
1.33153 0.351612 0.351621
1.33303 0.35148 0.351489
1.33454 0.351347 0.351356
1.33606 0.351214 0.351223
1.33757 0.35108 0.351089
1.33909 0.350945 0.350954
1.34061 0.35081 0.350819
1.34213 0.350674 0.350683
1.34366 0.350537 0.350547
1.34518 0.3504 0.350409
1.34671 0.350262 0.350272
1.34825 0.350123 0.350133
1.34978 0.349984 0.349994
1.35132 0.349844 0.349854
1.35286 0.349704 0.349714
1.35441 0.349563 0.349573
1.35595 0.349421 0.349431
1.3575 0.349279 0.349289
1.35906 0.349136 0.349146
1.36061 0.348992 0.349002
1.36217 0.348848 0.348858
1.36373 0.348703 0.348713
1.36529 0.348557 0.348567
1.36686 0.348411 0.348421
1.36843 0.348264 0.348274
1.37 0.348117 0.348127
1.37157 0.347968 0.347978
1.37315 0.347819 0.34783
1.37473 0.34767 0.34768
1.37631 0.34752 0.34753
1.3779 0.347369 0.347379
1.37949 0.347217 0.347227
1.38108 0.347065 0.347075
1.38267 0.346912 0.346922
1.38427 0.346758 0.346769
1.38587 0.346604 0.346614
1.38747 0.346449 0.34646
1.38908 0.346294 0.346304
1.39069 0.346137 0.346148
1.3923 0.34598 0.345991
1.39392 0.345823 0.345833
1.39553 0.345664 0.345675
1.39715 0.345505 0.345516
1.39878 0.345346 0.345356
1.40041 0.345185 0.345196
1.40204 0.345024 0.345035
1.40367 0.344862 0.344873
1.4053 0.3447 0.34471
1.40694 0.344537 0.344547
1.40859 0.344373 0.344383
1.41023 0.344208 0.344219
1.41188 0.344043 0.344054
1.41353 0.343877 0.343888
1.41519 0.34371 0.343721
1.41684 0.343543 0.343554
1.4185 0.343375 0.343386
1.42017 0.343206 0.343217
1.42183 0.343037 0.343047
1.42351 0.342866 0.342877
1.42518 0.342695 0.342706
1.42686 0.342524 0.342535
1.42854 0.342351 0.342362
1.43022 0.342178 0.342189
1.43191 0.342004 0.342015
1.4336 0.34183 0.341841
1.43529 0.341655 0.341666
1.43699 0.341479 0.34149
1.43869 0.341302 0.341313
1.44039 0.341124 0.341135
1.44209 0.340946 0.340957
1.4438 0.340767 0.340778
1.44552 0.340588 0.340599
1.44723 0.340407 0.340418
1.44895 0.340226 0.340237
1.45068 0.340044 0.340055
1.4524 0.339861 0.339873
1.45414 0.339678 0.339689
1.45587 0.339494 0.339505
1.45761 0.339309 0.33932
1.45935 0.339123 0.339135
1.46109 0.338937 0.338948
1.46284 0.33875 0.338761
1.46459 0.338562 0.338573
1.46634 0.338373 0.338385
1.4681 0.338184 0.338195
1.46987 0.337993 0.338005
1.47163 0.337802 0.337814
1.4734 0.337611 0.337622
1.47517 0.337418 0.33743
1.47695 0.337225 0.337237
1.47873 0.337031 0.337042
1.48051 0.336836 0.336848
1.4823 0.33664 0.336652
1.48409 0.336444 0.336456
1.48589 0.336247 0.336258
1.48769 0.336049 0.33606
1.48949 0.33585 0.335862
1.4913 0.33565 0.335662
1.49311 0.33545 0.335462
1.49492 0.335249 0.335261
1.49674 0.335047 0.335059
1.49856 0.334844 0.334856
1.50038 0.33464 0.334652
1.50221 0.334436 0.334448
1.50405 0.334231 0.334243
1.50588 0.334025 0.334037
1.50773 0.333818 0.33383
1.50957 0.33361 0.333622
1.51142 0.333402 0.333414
1.51327 0.333192 0.333205
1.51513 0.332982 0.332995
1.51699 0.332771 0.332784
1.51886 0.33256 0.332572
1.52073 0.332347 0.33236
1.5226 0.332134 0.332146
1.52448 0.331919 0.331932
1.52636 0.331704 0.331717
1.52824 0.331488 0.331501
1.53013 0.331272 0.331284
1.53203 0.331054 0.331067
1.53393 0.330835 0.330848
1.53583 0.330616 0.330629
1.53774 0.330396 0.330409
1.53965 0.330175 0.330188
1.54156 0.329953 0.329966
1.54348 0.32973 0.329743
1.54541 0.329507 0.32952
1.54734 0.329282 0.329295
1.54927 0.329057 0.32907
1.55121 0.32883 0.328844
1.55315 0.328603 0.328616
1.55509 0.328375 0.328388
1.55704 0.328147 0.32816
1.559 0.327917 0.32793
1.56096 0.327686 0.327699
1.56292 0.327455 0.327468
1.56489 0.327222 0.327235
1.56687 0.326989 0.327002
1.56884 0.326755 0.326768
1.57083 0.326519 0.326533
1.57281 0.326283 0.326297
1.57481 0.326047 0.32606
1.5768 0.325809 0.325822
1.5788 0.32557 0.325583
1.58081 0.32533 0.325344
1.58282 0.32509 0.325103
1.58484 0.324848 0.324862
1.58686 0.324606 0.324619
1.58888 0.324362 0.324376
1.59091 0.324118 0.324132
1.59295 0.323873 0.323887
1.59499 0.323627 0.32364
1.59703 0.323379 0.323393
1.59908 0.323131 0.323145
1.60114 0.322882 0.322896
1.6032 0.322632 0.322646
1.60526 0.322381 0.322396
1.60734 0.32213 0.322144
1.60941 0.321877 0.321891
1.61149 0.321623 0.321637
1.61358 0.321368 0.321382
1.61567 0.321112 0.321127
1.61776 0.320856 0.32087
1.61987 0.320598 0.320612
1.62197 0.320339 0.320354
1.62409 0.32008 0.320094
1.6262 0.319819 0.319833
1.62833 0.319557 0.319572
1.63045 0.319295 0.319309
1.63259 0.319031 0.319046
1.63473 0.318766 0.318781
1.63687 0.318501 0.318515
1.63902 0.318234 0.318249
1.64118 0.317966 0.317981
1.64334 0.317698 0.317712
1.64551 0.317428 0.317443
1.64768 0.317157 0.317172
1.64986 0.316885 0.3169
1.65204 0.316612 0.316627
1.65423 0.316339 0.316354
1.65643 0.316064 0.316079
1.65863 0.315788 0.315803
1.66084 0.315511 0.315526
1.66305 0.315233 0.315248
1.66527 0.314954 0.314969
1.66749 0.314673 0.314689
1.66972 0.314392 0.314407
1.67196 0.31411 0.314125
1.67421 0.313826 0.313842
1.67645 0.313542 0.313557
1.67871 0.313256 0.313272
1.68097 0.31297 0.312985
1.68324 0.312682 0.312697
1.68551 0.312393 0.312409
1.68779 0.312103 0.312119
1.69008 0.311812 0.311828
1.69237 0.31152 0.311536
1.69467 0.311227 0.311242
1.69698 0.310932 0.310948
1.69929 0.310637 0.310653
1.70161 0.31034 0.310356
1.70394 0.310042 0.310058
1.70627 0.309743 0.309759
1.70861 0.309443 0.309459
1.71095 0.309142 0.309158
1.71331 0.30884 0.308856
1.71566 0.308536 0.308552
1.71803 0.308231 0.308248
1.7204 0.307926 0.307942
1.72278 0.307618 0.307635
1.72517 0.30731 0.307327
1.72756 0.307001 0.307017
1.72996 0.30669 0.306707
1.73237 0.306379 0.306395
1.73479 0.306066 0.306082
1.73721 0.305751 0.305768
1.73964 0.305436 0.305453
1.74207 0.305119 0.305136
1.74452 0.304802 0.304818
1.74697 0.304482 0.304499
1.74943 0.304162 0.304179
1.75189 0.303841 0.303858
1.75437 0.303518 0.303535
1.75685 0.303194 0.303211
1.75934 0.302869 0.302886
1.76183 0.302542 0.302559
1.76434 0.302214 0.302232
1.76685 0.301885 0.301903
1.76937 0.301555 0.301572
1.7719 0.301223 0.301241
1.77443 0.30089 0.300908
1.77697 0.300556 0.300574
1.77953 0.300221 0.300238
1.78209 0.299884 0.299902
1.78465 0.299546 0.299563
1.78723 0.299206 0.299224
1.78981 0.298866 0.298883
1.79241 0.298524 0.298541
1.79501 0.29818 0.298198
1.79761 0.297835 0.297853
1.80023 0.297489 0.297507
1.80286 0.297142 0.29716
1.80549 0.296793 0.296811
1.80814 0.296443 0.296461
1.81079 0.296091 0.296109
1.81345 0.295738 0.295756
1.81612 0.295384 0.295402
1.8188 0.295028 0.295046
1.82149 0.294671 0.294689
1.82418 0.294312 0.294331
1.82689 0.293952 0.293971
1.8296 0.293591 0.293609
1.83233 0.293228 0.293247
1.83506 0.292864 0.292882
1.83781 0.292498 0.292517
1.84056 0.292131 0.29215
1.84332 0.291762 0.291781
1.84609 0.291392 0.291411
1.84887 0.29102 0.291039
1.85166 0.290647 0.290666
1.85447 0.290273 0.290292
1.85728 0.289897 0.289916
1.8601 0.289519 0.289538
1.86293 0.28914 0.289159
1.86577 0.288759 0.288779
1.86862 0.288377 0.288396
1.87148 0.287993 0.288013
1.87435 0.287608 0.287628
1.87723 0.287221 0.287241
1.88013 0.286833 0.286852
1.88303 0.286443 0.286463
1.88594 0.286051 0.286071
1.88887 0.285658 0.285678
1.8918 0.285263 0.285283
1.89475 0.284867 0.284887
1.89771 0.284469 0.284489
1.90067 0.284069 0.28409
1.90365 0.283668 0.283688
1.90665 0.283265 0.283286
1.90965 0.282861 0.282881
1.91266 0.282454 0.282475
1.91569 0.282047 0.282067
1.91872 0.281637 0.281658
1.92177 0.281226 0.281246
1.92483 0.280813 0.280834
1.9279 0.280398 0.280419
1.93099 0.279982 0.280003
1.93408 0.279564 0.279585
1.93719 0.279144 0.279165
1.94031 0.278722 0.278743
1.94345 0.278299 0.27832
1.94659 0.277874 0.277895
1.94975 0.277447 0.277468
1.95292 0.277018 0.277039
1.95611 0.276588 0.276609
1.9593 0.276155 0.276177
1.96251 0.275721 0.275743
1.96574 0.275285 0.275307
1.96897 0.274847 0.274869
1.97222 0.274408 0.274429
1.97549 0.273966 0.273988
1.97876 0.273523 0.273545
1.98205 0.273077 0.273099
1.98536 0.27263 0.272652
1.98868 0.272181 0.272203
1.99201 0.27173 0.271752
1.99535 0.271277 0.271299
1.99872 0.270822 0.270844
2.00209 0.270365 0.270388
2.00548 0.269906 0.269929
2.00888 0.269446 0.269468
2.0123 0.268983 0.269005
2.01574 0.268518 0.268541
2.01919 0.268051 0.268074
2.02265 0.267582 0.267605
2.02613 0.267111 0.267135
2.02963 0.266639 0.266662
2.03314 0.266164 0.266187
2.03666 0.265687 0.26571
2.04021 0.265207 0.265231
2.04376 0.264726 0.26475
2.04734 0.264243 0.264266
2.05093 0.263757 0.263781
2.05454 0.26327 0.263294
2.05816 0.26278 0.262804
2.0618 0.262288 0.262312
2.06546 0.261794 0.261818
2.06913 0.261298 0.261322
2.07282 0.2608 0.260824
2.07653 0.260299 0.260323
2.08026 0.259796 0.25982
2.084 0.259291 0.259315
2.08776 0.258784 0.258808
2.09154 0.258274 0.258299
2.09534 0.257762 0.257787
2.09915 0.257248 0.257273
2.10298 0.256732 0.256757
2.10684 0.256213 0.256238
2.11071 0.255692 0.255717
2.1146 0.255169 0.255194
2.1185 0.254643 0.254668
2.12243 0.254115 0.25414
2.12638 0.253584 0.25361
2.13034 0.253052 0.253077
2.13433 0.252516 0.252542
2.13833 0.251979 0.252005
2.14236 0.251439 0.251465
2.14641 0.250897 0.250923
2.15047 0.250352 0.250378
2.15456 0.249804 0.249831
2.15866 0.249255 0.249281
2.16279 0.248703 0.248729
2.16694 0.248148 0.248175
2.17111 0.247591 0.247617
2.1753 0.247031 0.247058
2.17951 0.246469 0.246496
2.18374 0.245904 0.245931
2.188 0.245337 0.245364
2.19227 0.244768 0.244795
2.19657 0.244195 0.244223
2.20089 0.243621 0.243648
2.20524 0.243043 0.243071
2.2096 0.242464 0.242491
2.21399 0.241881 0.241909
2.2184 0.241296 0.241324
2.22283 0.240709 0.240737
2.22729 0.240119 0.240147
2.23177 0.239526 0.239554
2.23627 0.238931 0.238959
2.2408 0.238333 0.238361
2.24535 0.237732 0.237761
2.24993 0.237129 0.237158
2.25452 0.236524 0.236553
2.25915 0.235915 0.235944
2.26379 0.235305 0.235334
2.26846 0.234691 0.234721
2.27316 0.234075 0.234105
2.27787 0.233457 0.233486
2.28262 0.232836 0.232865
2.28739 0.232212 0.232242
2.29218 0.231586 0.231616
2.297 0.230957 0.230987
2.30184 0.230326 0.230356
2.3067 0.229692 0.229722
2.3116 0.229055 0.229086
2.31651 0.228417 0.228447
2.32146 0.227775 0.227806
2.32642 0.227131 0.227162
2.33141 0.226485 0.226516
2.33643 0.225836 0.225867
2.34147 0.225185 0.225216
2.34654 0.224531 0.224563
2.35163 0.223875 0.223907
2.35675 0.223217 0.223249
2.3619 0.222556 0.222588
2.36706 0.221893 0.221926
2.37226 0.221228 0.22126
2.37747 0.220561 0.220593
2.38272 0.219891 0.219924
2.38798 0.219219 0.219252
2.39328 0.218545 0.218578
2.39859 0.217869 0.217902
2.40393 0.217191 0.217224
2.4093 0.21651 0.216544
2.41469 0.215828 0.215862
2.4201 0.215144 0.215177
2.42554 0.214458 0.214491
2.431 0.21377 0.213804
2.43648 0.21308 0.213114
2.44199 0.212388 0.212423
2.44752 0.211695 0.21173
2.45307 0.211 0.211035
2.45865 0.210304 0.210339
2.46425 0.209606 0.209641
2.46987 0.208906 0.208941
2.47551 0.208205 0.208241
2.48117 0.207503 0.207539
2.48685 0.206799 0.206835
2.49255 0.206095 0.20613
2.49828 0.205389 0.205425
2.50402 0.204681 0.204718
2.50978 0.203973 0.20401
2.51557 0.203264 0.203301
2.52137 0.202554 0.202591
2.52719 0.201843 0.20188
2.53302 0.201132 0.201169
2.53888 0.20042 0.200457
2.54475 0.199707 0.199744
2.55064 0.198993 0.199031
2.55654 0.198279 0.198317
2.56246 0.197565 0.197603
2.5684 0.196851 0.196889
2.57435 0.196136 0.196174
2.58031 0.195421 0.195459
2.58629 0.194706 0.194744
2.59228 0.19399 0.19403
2.59829 0.193275 0.193315
2.60431 0.19256 0.1926
2.61034 0.191845 0.191885
2.61638 0.191131 0.191171
2.62243 0.190417 0.190457
2.6285 0.189703 0.189743
2.63457 0.188989 0.18903
2.64065 0.188276 0.188317
2.64675 0.187564 0.187605
2.65285 0.186853 0.186894
2.65896 0.186142 0.186183
2.66508 0.185432 0.185473
2.6712 0.184722 0.184764
2.67734 0.184014 0.184056
2.68348 0.183307 0.183349
2.68962 0.1826 0.182643
2.69578 0.181895 0.181938
2.70193 0.181191 0.181234
2.7081 0.180488 0.180531
2.71427 0.179786 0.17983
2.72044 0.179086 0.17913
2.72662 0.178387 0.178431
2.7328 0.177689 0.177733
2.73898 0.176993 0.177037
2.74517 0.176298 0.176343
2.75136 0.175605 0.17565
2.75755 0.174913 0.174958
2.76375 0.174223 0.174268
2.76994 0.173535 0.17358
2.77614 0.172848 0.172894
2.78234 0.172163 0.172209
2.78854 0.171479 0.171525
2.79474 0.170798 0.170844
2.80095 0.170118 0.170165
2.80715 0.16944 0.169487
2.81335 0.168764 0.168811
2.81956 0.16809 0.168137
2.82576 0.167417 0.167465
2.83196 0.166747 0.166794
2.83817 0.166078 0.166126
2.84437 0.165412 0.16546
2.85057 0.164747 0.164795
2.85677 0.164084 0.164133
2.86297 0.163424 0.163473
2.86917 0.162765 0.162814
2.87536 0.162109 0.162158
2.88156 0.161454 0.161504
2.88775 0.160802 0.160852
2.89394 0.160151 0.160201
2.90013 0.159503 0.159553
2.90632 0.158857 0.158907
2.91251 0.158213 0.158264
2.91869 0.157571 0.157622
2.92488 0.156931 0.156982
2.93106 0.156293 0.156345
2.93723 0.155657 0.155709
2.94341 0.155024 0.155076
2.94958 0.154392 0.154445
2.95575 0.153763 0.153816
2.96192 0.153136 0.153189
2.96809 0.152511 0.152564
2.97426 0.151888 0.151941
2.98042 0.151267 0.151321
2.98658 0.150648 0.150702
2.99273 0.150032 0.150086
2.99889 0.149418 0.149472
3.00504 0.148805 0.14886
3.01119 0.148195 0.14825
3.01734 0.147587 0.147642
3.02349 0.146981 0.147036
3.02963 0.146377 0.146433
3.03577 0.145775 0.145831
3.04191 0.145176 0.145232
3.04805 0.144578 0.144635
3.05418 0.143983 0.144039
3.06031 0.143389 0.143446
3.06644 0.142798 0.142855
3.07257 0.142209 0.142266
3.0787 0.141622 0.141679
3.08482 0.141036 0.141094
3.09094 0.140453 0.140512
3.09706 0.139872 0.139931
3.10318 0.139293 0.139352
3.10929 0.138716 0.138775
3.11541 0.138141 0.138201
3.12152 0.137568 0.137628
3.12763 0.136997 0.137057
3.13374 0.136428 0.136489
3.13985 0.135861 0.135922
3.14596 0.135296 0.135357
3.15206 0.134733 0.134794
3.15816 0.134172 0.134234
3.16427 0.133613 0.133675
3.17037 0.133056 0.133118
3.17647 0.132501 0.132563
3.18257 0.131948 0.13201
3.18866 0.131396 0.131459
3.19476 0.130847 0.13091
3.20086 0.130299 0.130362
3.20695 0.129753 0.129817
3.21304 0.12921 0.129273
3.21914 0.128668 0.128732
3.22523 0.128128 0.128192
3.23132 0.127589 0.127654
3.23741 0.127053 0.127118
3.24351 0.126518 0.126584
3.2496 0.125986 0.126051
3.25569 0.125455 0.125521
3.26178 0.124926 0.124992
3.26787 0.124398 0.124465
3.27396 0.123873 0.12394
3.28005 0.123349 0.123416
3.28614 0.122827 0.122895
3.29223 0.122307 0.122375
3.29832 0.121789 0.121857
3.30442 0.121272 0.12134
3.31051 0.120757 0.120826
3.3166 0.120244 0.120313
3.32269 0.119732 0.119802
3.32879 0.119222 0.119292
3.33488 0.118714 0.118784
3.34098 0.118208 0.118278
3.34708 0.117703 0.117774
3.35317 0.1172 0.117271
3.35927 0.116699 0.11677
3.36537 0.116199 0.116271
3.37147 0.115701 0.115773
3.37758 0.115205 0.115277
3.38368 0.11471 0.114782
3.38979 0.114217 0.11429
3.39589 0.113725 0.113798
3.402 0.113235 0.113309
3.40811 0.112747 0.112821
3.41423 0.11226 0.112334
3.42034 0.111775 0.11185
3.42646 0.111291 0.111366
3.43258 0.110809 0.110885
3.4387 0.110329 0.110405
3.44482 0.10985 0.109926
3.45094 0.109373 0.109449
3.45707 0.108897 0.108974
3.4632 0.108423 0.1085
3.46934 0.10795 0.108027
3.47547 0.107479 0.107556
3.48161 0.107009 0.107087
3.48775 0.106541 0.106619
3.49389 0.106074 0.106153
3.50004 0.105609 0.105688
3.50619 0.105145 0.105224
3.51234 0.104683 0.104762
3.5185 0.104222 0.104302
3.52466 0.103762 0.103843
3.53082 0.103304 0.103385
3.53699 0.102848 0.102929
3.54316 0.102393 0.102474
3.54934 0.101939 0.102021
3.55551 0.101487 0.101569
3.56169 0.101036 0.101119
3.56788 0.100587 0.10067
3.57407 0.100139 0.100222
3.58026 0.0996923 0.099776
3.58646 0.0992471 0.0993312
3.59266 0.0988032 0.0988878
3.59887 0.0983608 0.0984457
3.60508 0.0979197 0.098005
3.6113 0.09748 0.0975657
3.61752 0.0970417 0.0971278
3.62374 0.0966047 0.0966912
3.62997 0.096169 0.0962559
3.6362 0.0957347 0.095822
3.64244 0.0953017 0.0953894
3.64869 0.0948701 0.0949581
3.65494 0.0944397 0.0945282
3.66119 0.0940107 0.0940996
3.66745 0.093583 0.0936723
3.67371 0.0931566 0.0932463
3.67998 0.0927315 0.0928216
3.68626 0.0923077 0.0923982
3.69254 0.0918852 0.0919761
3.69883 0.0914639 0.0915552
3.70512 0.0910439 0.0911357
3.71142 0.0906252 0.0907174
3.71773 0.0902078 0.0903004
3.72404 0.0897916 0.0898847
3.73035 0.0893767 0.0894702
3.73668 0.088963 0.0890569
3.74301 0.0885506 0.0886449
3.74934 0.0881394 0.0882342
3.75568 0.0877295 0.0878246
3.76203 0.0873207 0.0874164
3.76839 0.0869132 0.0870093
3.77475 0.086507 0.0866035
3.78112 0.0861019 0.0861988
3.78749 0.085698 0.0857954
3.79388 0.0852954 0.0853932
3.80027 0.0848939 0.0849922
3.80666 0.0844936 0.0845924
3.81307 0.0840946 0.0841938
3.81948 0.0836967 0.0837964
3.8259 0.0833 0.0834001
3.83233 0.0829044 0.083005
3.83876 0.0825101 0.0826112
3.8452 0.0821169 0.0822184
3.85165 0.0817248 0.0818269
3.85811 0.081334 0.0814365
3.86457 0.0809442 0.0810472
3.87105 0.0805557 0.0806591
3.87753 0.0801682 0.0802722
3.88402 0.0797819 0.0798864
3.89052 0.0793968 0.0795017
3.89703 0.0790128 0.0791182
3.90354 0.0786299 0.0787358
3.91007 0.0782481 0.0783546
3.9166 0.0778675 0.0779744
3.92314 0.0774879 0.0775954
3.92969 0.0771095 0.0772175
3.93625 0.0767322 0.0768407
3.94282 0.076356 0.076465
3.9494 0.0759809 0.0760904
3.95598 0.0756069 0.0757169
3.96258 0.0752339 0.0753445
3.96919 0.0748621 0.0749732
3.9758 0.0744914 0.074603
3.98243 0.0741217 0.0742339
3.98906 0.0737531 0.0738658
3.99571 0.0733856 0.0734989
4.00236 0.0730191 0.073133
4.00903 0.0726538 0.0727681
4.0157 0.0722895 0.0724044
4.02239 0.0719262 0.0720417
4.02908 0.071564 0.07168
4.03579 0.0712028 0.0713195
4.0425 0.0708427 0.0709599
4.04923 0.0704837 0.0706014
4.05597 0.0701257 0.070244
4.06272 0.0697687 0.0698876
4.06948 0.0694128 0.0695323
4.07625 0.0690579 0.0691779
4.08303 0.068704 0.0688247
4.08983 0.0683511 0.0684724
4.09663 0.0679993 0.0681212
4.10345 0.0676485 0.067771
4.11028 0.0672987 0.0674218
4.11712 0.0669499 0.0670736
4.12397 0.0666022 0.0667265
4.13083 0.0662554 0.0663803
4.13771 0.0659096 0.0660352
4.1446 0.0655649 0.0656911
4.1515 0.0652211 0.0653479
4.15841 0.0648784 0.0650058
4.16534 0.0645366 0.0646647
4.17228 0.0641958 0.0643246
4.17923 0.063856 0.0639854
4.18619 0.0635172 0.0636473
4.19317 0.0631794 0.0633101
4.20016 0.0628425 0.0629739
4.20716 0.0625066 0.0626387
4.21418 0.0621717 0.0623045
4.22121 0.0618378 0.0619712
4.22825 0.0615048 0.0616389
4.23531 0.0611728 0.0613076
4.24238 0.0608418 0.0609773
4.24946 0.0605117 0.0606479
4.25656 0.0601826 0.0603195
4.26368 0.0598544 0.059992
4.2708 0.0595272 0.0596655
4.27795 0.0592009 0.05934
4.2851 0.0588756 0.0590154
4.29227 0.0585512 0.0586917
4.29946 0.0582278 0.058369
4.30666 0.0579053 0.0580473
4.31388 0.0575837 0.0577265
4.32111 0.0572631 0.0574066
4.32836 0.0569434 0.0570876
4.33562 0.0566246 0.0567696
4.3429 0.0563068 0.0564526
4.35019 0.0559899 0.0561364
4.3575 0.0556739 0.0558212
4.36483 0.0553588 0.055507
4.37217 0.0550446 0.0551936
4.37953 0.0547314 0.0548812
4.3869 0.0544191 0.0545697
4.39429 0.0541077 0.0542591
4.4017 0.0537972 0.0539494
4.40913 0.0534876 0.0536406
4.41657 0.0531789 0.0533328
4.42403 0.0528711 0.0530258
4.4315 0.0525642 0.0527198
4.439 0.0522582 0.0524147
4.44651 0.0519531 0.0521104
4.45404 0.0516489 0.0518071
4.46159 0.0513456 0.0515047
4.46915 0.0510432 0.0512032
4.47674 0.0507417 0.0509025
4.48434 0.0504411 0.0506028
4.49196 0.0501413 0.050304
4.4996 0.0498425 0.050006
4.50726 0.0495445 0.0497089
4.51494 0.0492474 0.0494128
4.52264 0.0489511 0.0491175
4.53035 0.0486558 0.0488231
4.53809 0.0483613 0.0485295
4.54584 0.0480677 0.0482369
4.55362 0.047775 0.0479451
4.56142 0.0474831 0.0476543
4.56923 0.0471921 0.0473642
4.57707 0.046902 0.0470751
4.58493 0.0466127 0.0467868
4.59281 0.0463243 0.0464994
4.60071 0.0460367 0.0462129
4.60863 0.04575 0.0459273
4.61657 0.0454642 0.0456425
4.62453 0.0451792 0.0453585
4.63252 0.0448951 0.0450755
4.64053 0.0446118 0.0447933
4.64855 0.0443294 0.0445119
4.65661 0.0440478 0.0442314
4.66468 0.0437671 0.0439518
4.67278 0.0434872 0.043673
4.6809 0.0432081 0.0433951
4.68904 0.0429299 0.043118
4.69721 0.0426526 0.0428418
4.7054 0.0423761 0.0425664
4.71361 0.0421004 0.0422919
4.72185 0.0418255 0.0420182
4.73012 0.0415515 0.0417454
4.7384 0.0412783 0.0414734
4.74671 0.041006 0.0412023
4.75505 0.0407345 0.040932
4.76341 0.0404638 0.0406625
4.7718 0.0401939 0.0403939
4.78021 0.0399249 0.0401262
4.78865 0.0396567 0.0398592
4.79711 0.0393893 0.0395931
4.80561 0.0391227 0.0393278
4.81412 0.038857 0.0390634
4.82267 0.0385921 0.0387998
4.83124 0.038328 0.038537
4.83984 0.0380647 0.0382751
4.84846 0.0378022 0.038014
4.85712 0.0375406 0.0377537
4.8658 0.0372797 0.0374942
4.87451 0.0370197 0.0372356
4.88325 0.0367605 0.0369778
4.89202 0.0365021 0.0367208
4.90081 0.0362444 0.0364647
4.90964 0.0359877 0.0362093
4.91849 0.0357317 0.0359548
4.92738 0.0354765 0.0357011
4.9363 0.0352221 0.0354483
4.94524 0.0349685 0.0351962
4.95422 0.0347157 0.034945
4.96323 0.0344638 0.0346946
4.97227 0.0342126 0.034445
4.98134 0.0339622 0.0341962
4.99044 0.0337126 0.0339482
4.99958 0.0334638 0.033701
5.00875 0.0332159 0.0334547
5.01795 0.0329687 0.0332091
5.02719 0.0327223 0.0329644
5.03646 0.0324766 0.0327205
5.04576 0.0322318 0.0324774
5.0551 0.0319878 0.0322351
5.06447 0.0317445 0.0319936
5.07387 0.0315021 0.0317529
5.08332 0.0312604 0.0315131
5.0928 0.0310195 0.031274
5.10231 0.0307794 0.0310357
5.11186 0.0305401 0.0307983
5.12145 0.0303016 0.0305616
5.13107 0.0300638 0.0303258
5.14073 0.0298268 0.0300907
5.15043 0.0295907 0.0298565
5.16017 0.0293552 0.0296231
5.16995 0.0291206 0.0293904
5.17977 0.0288867 0.0291586
5.18962 0.0286537 0.0289275
5.19952 0.0284214 0.0286973
5.20945 0.0281898 0.0284679
5.21943 0.0279591 0.0282392
5.22945 0.0277291 0.0280114
5.23951 0.0274999 0.0277843
5.24961 0.0272714 0.0275581
5.25976 0.0270437 0.0273326
5.26995 0.0268168 0.027108
5.28018 0.0265907 0.0268841
5.29045 0.0263653 0.0266611
5.30077 0.0261407 0.0264388
5.31114 0.0259169 0.0262174
5.32155 0.0256938 0.0259967
5.33201 0.0254715 0.0257768
5.34251 0.0252499 0.0255577
5.35306 0.0250291 0.0253394
5.36366 0.0248091 0.025122
5.37431 0.0245898 0.0249053
5.385 0.0243713 0.0246894
5.39574 0.0241536 0.0244742
5.40654 0.0239366 0.0242599
5.41738 0.0237204 0.0240464
5.42828 0.0235049 0.0238337
5.43922 0.0232902 0.0236217
5.45022 0.0230762 0.0234106
5.46128 0.022863 0.0232002
5.47238 0.0226505 0.0229907
5.48354 0.0224388 0.0227819
5.49475 0.0222278 0.0225739
5.50602 0.0220176 0.0223668
5.51735 0.0218082 0.0221604
5.52873 0.0215995 0.0219548
5.54017 0.0213915 0.02175
5.55166 0.0211843 0.021546
5.56322 0.0209778 0.0213427
5.57484 0.0207721 0.0211403
5.58651 0.0205671 0.0209387
5.59825 0.0203628 0.0207378
5.61005 0.0201593 0.0205378
5.62191 0.0199566 0.0203385
5.63383 0.0197545 0.0201401
5.64582 0.0195533 0.0199424
5.65788 0.0193527 0.0197456
5.66999 0.0191529 0.0195495
5.68218 0.0189538 0.0193542
5.69444 0.0187555 0.0191597
5.70676 0.0185579 0.018966
5.71915 0.018361 0.0187731
5.73161 0.0181649 0.018581
5.74414 0.0179695 0.0183897
5.75675 0.0177748 0.0181992
5.76943 0.0175808 0.0180095
5.78218 0.0173876 0.0178206
5.79501 0.0171951 0.0176325
5.80792 0.0170033 0.0174451
5.8209 0.0168123 0.0172586
5.83396 0.0166219 0.0170729
5.8471 0.0164323 0.016888
5.86032 0.0162434 0.0167039
5.87362 0.0160553 0.0165205
5.88701 0.0158678 0.016338
5.90048 0.0156811 0.0161563
5.91403 0.015495 0.0159754
5.92768 0.0153097 0.0157953
5.94141 0.0151251 0.015616
5.95523 0.0149412 0.0154375
5.96914 0.014758 0.0152598
5.98314 0.0145755 0.0150829
5.99724 0.0143937 0.0149068
6.01143 0.0142126 0.0147315
6.02572 0.0140322 0.014557
6.0401 0.0138525 0.0143834
6.05459 0.0136735 0.0142105
6.06918 0.0134952 0.0140385
6.08387 0.0133176 0.0138673
6.09866 0.0131407 0.0136968
6.11356 0.0129644 0.0135272
6.12857 0.0127889 0.0133585
6.14368 0.012614 0.0131905
6.15891 0.0124398 0.0130233
6.17425 0.0122662 0.012857
6.18971 0.0120934 0.0126915
6.20529 0.0119212 0.0125268
6.22098 0.0117496 0.0123629
6.23679 0.0115787 0.0121999
6.25273 0.0114085 0.0120377
6.2688 0.011239 0.0118763
6.28499 0.0110701 0.0117157
6.30131 0.0109018 0.011556
6.31776 0.0107342 0.0113971
6.33435 0.0105672 0.011239
6.35108 0.0104008 0.0110818
6.36794 0.0102351 0.0109254
6.38495 0.01007 0.0107698
6.40211 0.00990549 0.0106151
6.41941 0.00974161 0.0104612
6.43686 0.00957834 0.0103082
6.45446 0.00941567 0.010156
6.47223 0.00925359 0.0100046
6.49015 0.0090921 0.00985414
6.50823 0.00893118 0.0097045
6.52648 0.00877085 0.00955571
6.54491 0.00861108 0.00940778
6.5635 0.00845186 0.00926071
6.58227 0.0082932 0.0091145
6.60122 0.00813508 0.00896916
6.62035 0.00797749 0.00882468
6.63967 0.00782042 0.00868108
6.65918 0.00766387 0.00853835
6.67889 0.00750781 0.0083965
6.6988 0.00735225 0.00825553
6.71891 0.00719717 0.00811544
6.73923 0.00704256 0.00797625
6.75977 0.00688841 0.00783794
6.78052 0.0067347 0.00770054
6.80149 0.00658142 0.00756404
6.82269 0.00642855 0.00742844
6.84413 0.00627608 0.00729376
6.8658 0.006124 0.00716
6.88771 0.00597229 0.00702716
6.90987 0.00582093 0.00689525
6.93229 0.0056699 0.00676428
6.95496 0.00551919 0.00663425
6.9779 0.00536877 0.00650518
7.00112 0.00521863 0.00637707
7.0246 0.00506874 0.00624993
7.04837 0.00491908 0.00612377
7.07243 0.00476964 0.00599861
7.09679 0.00462038 0.00587444
7.12144 0.00447128 0.00575129
7.1464 0.00432231 0.00562917
7.17167 0.00417346 0.0055081
7.19727 0.0040247 0.00538809
7.22318 0.00387599 0.00526915
7.24943 0.00372731 0.00515132
7.276 0.00357863 0.0050346
7.30292 0.00342993 0.00491902
7.33018 0.00328118 0.00480462
7.35778 0.00313235 0.00469141
7.38573 0.00298341 0.00457942
7.41403 0.00283435 0.00446869
7.44269 0.00268512 0.00435926
7.47169 0.00253573 0.00425115
7.50103 0.00238613 0.00414442
7.53072 0.00223633 0.00403911
7.56074 0.0020863 0.00393527
7.5911 0.00193605 0.00383295
7.62176 0.00178556 0.0037322
7.65274 0.00163484 0.00363309
7.68399 0.00148389 0.00353566
7.71552 0.00133275 0.00343999
7.74729 0.00118142 0.00334614
7.77928 0.00102993 0.00325417
7.81146 0.00087833 0.00316415
7.84381 0.000726656 0.00307613
7.87627 0.000574959 0.00299019
7.90883 0.000423293 0.00290636
7.94145 0.000271717 0.00282471
7.97407 0.000120292 0.00274527
8 2.43266e-08 0.0026837
