# r f1_num f1_exact f2_num f2_exact f3_num f3_exact
0.05 0.09506629485 0.09512294245 0.03972235979 0.03362035231 0.04825989146 0.01829952471
0.1 0.1808634772 0.1809674836 0.07549488311 0.06389897377 0.09167173531 0.03477386381
0.15 0.2580693616 0.2582123929 0.107535234 0.09102190232 0.1304580914 0.04951886288
0.2 0.3273177035 0.3274923012 0.1360517164 0.1151670013 0.1648362151 0.06262669196
0.25 0.3892008852 0.3894003915 0.1612436257 0.1365042753 0.1950180907 0.0741859631
0.3 0.4442724425 0.4444909324 0.1833015881 0.1551961739 0.2212104662 0.08428184447
0.35 0.4930494453 0.4932816628 0.2024078881 0.1713978859 0.2436148905 0.09299617133
0.4 0.5360147369 0.5362560368 0.218736785 0.1852576216 0.2624277515 0.1004075537
0.45 0.5736190427 0.5738653365 0.2324548182 0.1969168863 0.277840316 0.1065914811
0.5 0.6062829539 0.6065306597 0.2437211018 0.2065107431 0.2900387716 0.1116204242
0.55 0.6343987945 0.6346447914 0.2526876092 0.2141680664 0.2992042695 0.1155639333
0.6 0.658332378 0.6585739633 0.2594994475 0.2200117867 0.3055129694 0.1184887348
0.65 0.6784246595 0.6786595098 0.2642951227 0.2241591262 0.3091360851 0.1204588236
0.7 0.6949932902 0.6952194253 0.2672067949 0.2267218257 0.310239932 0.1215355542
0.75 0.7083340792 0.7085498291 0.2683605256 0.2278063639 0.308985976 0.121777728
0.8 0.7187223682 0.7189263426 0.2678765152 0.2275141681 0.3055308833 0.1212416786
0.85 0.726414324 0.7266053843 0.2658693326 0.2259418174 0.3000265716 0.119981355
0.9 0.7316481539 0.7318253875 0.2624481369 0.223181239 0.2926202625 0.1180484014
0.95 0.7346452477 0.7348079446 0.257716891 0.2193198963 0.2834545355 0.1154922352
1 0.7356112515 0.7357588823 0.2517745675 0.2144409712 0.2726673821 0.1123601233
1.05 0.7347370765 0.7348692731 0.2447153473 0.2086235388 0.2603922619 0.1086972548
1.1 0.7321998469 0.7323163841 0.2366288114 0.201942736 0.2467581593 0.1045468126
1.15 0.7281637905 0.7282645696 0.2276001254 0.1944699244 0.2318896414 0.09995004254
1.2 0.7227810749 0.7228661086 0.2177102178 0.1862728461 0.2159069164 0.09494632061
1.25 0.7161925937 0.7162619922 0.2070359514 0.1774157746 0.1989258932 0.08957321788
1.3 0.7085287032 0.7085826619 0.1956502893 0.1679596595 0.1810582421 0.0838665637
1.35 0.6999099157 0.6999487037 0.1836224535 0.1579622664 0.1624114556 0.07786050702
1.4 0.6904475493 0.690471499 0.1710180797 0.147478311 0.1430889108 0.07158757575
1.45 0.6802443376 0.6802538355 0.1578993644 0.1365595883 0.1231899316 0.0650787344
1.5 0.6693950025 0.6693904804 0.1443252083 0.1252550972 0.1028098523 0.05836343994
1.55 0.6579867911 0.6579687189 0.1303513534 0.1136111602 0.08204008145 0.05146969604
1.6 0.6460999795 0.6460688576 0.1160305157 0.1016715384 0.06096816662 0.04442410553
1.65 0.6338083446 0.6337646984 0.1014125124 0.08947754246 0.03967785916 0.03725192135
1.7 0.6211796079 0.6211239818 0.08654438523 0.07706813917 0.01824917994 0.02997709595
1.75 0.6082758496 0.6082088021 0.07147051825 0.06448005395 -0.003241514614 0.02262232908
1.8 0.5951538985 0.5950759976 0.05623275215 0.05174786942 -0.02472146608 0.0152091142
1.85 0.5818656958 0.5817775154 0.04087049371 0.03890412018 -0.0461214472 0.007757783397
1.9 0.5684586373 0.568360753 0.02542082143 0.02597938402 -0.06737569472 0.0002875509284
1.95 0.5549758923 0.5548688792 0.009918587105 0.01300236946 -0.08842184194 -0.007183444596
2 0.5414567038 0.5413411329 -0.00560348639 0 -0.1092008509 -0.01463809935
2.05 0.5279366683 0.5278131047 -0.02111471098 -0.01300250495 -0.1296569447 -0.02206030473
2.1 0.5144479983 0.5143169987 -0.03658634291 -0.02598155232 -0.1497375388 -0.02943490897
2.15 0.5010197673 0.5008818784 -0.0519914956 -0.03891510059 -0.1693931735 -0.0367476801
2.2 0.4876781398 0.4875338968 -0.06730505594 -0.05178258812 -0.1885774449 -0.04398526994
2.25 0.4744465854 0.4742965105 -0.08250360369 -0.06456486409 -0.2072469368 -0.05113517932
2.3 0.4613460795 0.4611906811 -0.09756533404 -0.07724412235 -0.2253611523 -0.0581857244
2.35 0.4483952909 0.4482350624 -0.1124699831 -0.08980383782 -0.242882445 -0.06512600406
2.4 0.4356107566 0.4354461758 -0.1271987564 -0.1022287055 -0.2597759506 -0.07194586835
2.45 0.4230070454 0.4228385738 -0.1417342598 -0.1145045816 -0.2760095189 -0.07863588796
2.5 0.4105969104 0.4104249931 -0.1560604339 -0.1266184279 -0.2915536449 -0.08518732467
2.55 0.3983914315 0.3982164966 -0.1701624899 -0.1385582572 -0.3063814014 -0.09159210277
2.6 0.3864001484 0.3862226067 -0.184026849 -0.1503130816 -0.3204683702 -0.09784278143
2.65 0.3746311841 0.3744514292 -0.1976410833 -0.1618728632 -0.3337925751 -0.103932528
2.7 0.3630913603 0.3629097688 -0.21099386 -0.1732284662 -0.346334414 -0.109855092
2.75 0.3517863056 0.3516032366 -0.2240748873 -0.1843716113 -0.3580765915 -0.1156047803
2.8 0.340720555 0.3405363507 -0.2368748619 -0.1952948317 -0.3690040522 -0.1211764331
2.85 0.3298976431 0.329712629 -0.2493854199 -0.2059914314 -0.379103914 -0.1265654001
2.9 0.3193201916 0.3191346763 -0.2615990885 -0.216455445 -0.3883654018 -0.1317675184
2.95 0.3089899889 0.3088042651 -0.2735092403 -0.2266815987 -0.3967797813 -0.1367790904
3 0.2989080661 0.2987224102 -0.2851100496 -0.236665274 -0.404340294 -0.1415968629
3.05 0.2890747657 0.2888894388 -0.2963964496 -0.2464024717 -0.4110420917 -0.1462180069
3.1 0.279489807 0.2793050548 -0.3073640923 -0.2558897786 -0.4168821722 -0.1506400974
3.15 0.2701523456 0.2699683993 -0.3180093096 -0.2651243347 -0.4218593151 -0.154861095
3.2 0.2610610293 0.2608781055 -0.3283290762 -0.2741038022 -0.425974018 -0.1588793275
3.25 0.2522140493 0.2520323509 -0.3383209741 -0.2828263361 -0.4292284338 -0.1626934719
3.3 0.2436091882 0.2434289048 -0.347983158 -0.2912905554 -0.4316263079 -0.1663025375
3.35 0.2352438643 0.2350651725 -0.3573143231 -0.2994955162 -0.4331729165 -0.1697058498
3.4 0.2271151717 0.2269382357 -0.3663136734 -0.3074406856 -0.4338750052 -0.172903034
3.45 0.219219919 0.219044891 -0.3749808921 -0.315125917 -0.4337407283 -0.1758940001
3.5 0.2115546631 0.211381684 -0.3833161126 -0.3225514262 -0.4327795889 -0.1786789281
3.55 0.2041157419 0.2039449415 -0.3913198914 -0.3297177688 -0.4310023796 -0.1812582538
3.6 0.1968993039 0.1967308016 -0.3989931814 -0.3366258186 -0.4284211236 -0.1836326546
3.65 0.1899013349 0.1897352401 -0.4063373073 -0.3432767467 -0.425049017 -0.1858030372
3.7 0.1831176833 0.1829540959 -0.413353941 -0.3496720023 -0.4209003716 -0.1877705241
3.75 0.1765440832 0.1763830939 -0.4200450795 -0.3558132932 -0.4159905582 -0.1895364414
3.8 0.1701761751 0.1700178661 -0.426413022 -0.3617025684 -0.4103359512 -0.1911023076
3.85 0.1640095251 0.1638539706 -0.4324603498 -0.3673420005 -0.4039538735 -0.1924698214
3.9 0.158039643 0.1578869093 -0.4381899061 -0.3727339698 -0.3968625425 -0.1936408515
3.95 0.1522619979 0.152112144 -0.4436047765 -0.3778810485 -0.3890810169 -0.1946174257
4 0.1466720329 0.1465251111 -0.4487082715 -0.382785986 -0.3806291439 -0.1954017207
4.05 0.1412651785 0.1411212346 -0.4535039085 -0.3874516948 -0.3715275078 -0.1959960527
4.1 0.1360368646 0.1358959383 -0.4579953959 -0.3918812368 -0.3617973792 -0.1964028676
4.15 0.1309825315 0.1308446568 -0.4621866168 -0.3960778111 -0.3514606652 -0.1966247326
4.2 0.1260976395 0.1259628453 -0.4660816142 -0.4000447412 -0.3405398602 -0.1966643269
4.25 0.1213776781 0.1212459882 -0.4696845769 -0.403785464 -0.3290579979 -0.196524434
4.3 0.1168181738 0.1166896075 -0.4729998255 -0.4073035187 -0.3170386038 -0.1962079334
4.35 0.1124146971 0.1122892695 -0.4760317998 -0.4106025362 -0.3045056492 -0.195717793
4.4 0.1081628691 0.1080405911 -0.4787850463 -0.4136862294 -0.2914835058 -0.1950570618
4.45 0.1040583666 0.103939246 -0.4812642067 -0.4165583838 -0.2779969008 -0.194228863
4.5 0.1000969278 0.09998096884 -0.4834740066 -0.4192228486 -0.2640708739 -0.193236387
4.55 0.09627435587 0.09616155989 -0.485419245 -0.4216835285 -0.2497307343 -0.1920828853
4.6 0.09258652327 0.09247688885 -0.4871047845 -0.4239443755 -0.2350020193 -0.1907716639
4.65 0.08902937463 0.08892289795 -0.4885355416 -0.4260093812 -0.2199104534 -0.1893060778
4.7 0.08559892964 0.08549560476 -0.4897164778 -0.4278825705 -0.2044819087 -0.1876895249
4.75 0.08229128539 0.08219110443 -0.4906525911 -0.4295679937 -0.1887423662 -0.1859254409
4.8 0.07910261822 0.07900557167 -0.4913489078 -0.4310697212 -0.1727178778 -0.1840172942
4.85 0.0760291853 0.07593526223 -0.4918104754 -0.4323918371 -0.1564345297 -0.1819685807
4.9 0.07306732581 0.0729765141 -0.4920423547 -0.4335384332 -0.1399184063 -0.179782819
4.95 0.07021346184 0.0701257484 -0.4920496135 -0.4345136046 -0.1231955556 -0.1774635463
5 0.06746409901 0.06737946999 -0.4918373203 -0.4353214437 -0.1062919552 -0.1750143138
5.05 0.06481582679 0.06473426781 -0.4914105377 -0.4359660364 -0.0892334792 -0.1724386826
5.1 0.06226531867 0.06218681497 -0.4907743173 -0.436451457 -0.07204586672 -0.1697402198
5.15 0.05980933201 0.05973386869 -0.4899336942 -0.4367817645 -0.05475469057 -0.1669224949
5.2 0.05744470781 0.05737226998 -0.4888936819 -0.4369609988 -0.03738532744 -0.1639890764
5.25 0.05516837023 0.05509894319 -0.4876592676 -0.4369931767 -0.01996292892 -0.160943528
5.3 0.05297732597 0.05291089541 -0.4862354078 -0.436882289 -0.002512393509 -0.1577894056
5.35 0.05086866355 0.05080521569 -0.4846270245 -0.4366322968 0.01494166045 -0.1545302546
5.4 0.04883955241 0.04877907418 -0.4828390007 -0.4362471294 0.03237492075 -0.1511696065
5.45 0.04688724194 0.04682972113 -0.4808761777 -0.4357306808 0.04976340646 -0.1477109764
5.5 0.04500906041 0.04495448582 -0.4787433508 -0.4350868076 0.06708349198 -0.1441578608
5.55 0.04320241381 0.0431507754 -0.476445267 -0.4343193267 0.08431193022 -0.1405137345
5.6 0.04146478456 0.04141607362 -0.4739866216 -0.4334320131 0.1014258748 -0.1367820486
5.65 0.03979373028 0.03974793956 -0.4713720558 -0.4324285978 0.1184029011 -0.1329662286
5.7 0.0381868824 0.03814400622 -0.4686061541 -0.4313127662 0.1352210269 -0.1290696719
5.75 0.03664194471 0.03660197916 -0.4656934423 -0.4300881566 0.1518587314 -0.1250957463
5.8 0.03515669202 0.03511963505 -0.4626383851 -0.4287583581 0.1682949738 -0.1210477879
5.85 0.03372896856 0.03369482015 -0.4594453844 -0.4273269101 0.1845092106 -0.1169290993
5.9 0.03235668659 0.03232544886 -0.4561187774 -0.4257973003 0.2004814125 -0.1127429487
5.95 0.0310378248 0.03100950217 -0.4526628354 -0.4241729643 0.2161920794 -0.1084925675
6 0.02977042681 0.02974502612 -0.4490817618 -0.4224572839 0.2316222561 -0.1041811496
6.05 0.02855259963 0.02853013028 -0.4453796914 -0.420653587 0.246753545 -0.09981185
6.1 0.0273825121 0.02736298618 -0.4415606891 -0.4187651464 0.2615681202 -0.09538778333
6.15 0.02625839334 0.02624182577 -0.4376287487 -0.4167951792 0.2760487386 -0.09091202303
6.2 0.02517853119 0.02516493989 -0.4335877923 -0.4147468464 0.2901787518 -0.08638760026
6.25 0.02414127072 0.0241306767 -0.4294416692 -0.4126232524 0.3039421159 -0.08181750295
6.3 0.02314501265 0.02313744019 -0.4251941558 -0.4104274445 0.3173234015 -0.07720467498
6.35 0.02218821184 0.02218368863 -0.4208489545 -0.4081624129 0.3303078021 -0.07255201542
6.4 0.02126937583 0.0212679331 -0.4164096936 -0.4058310904 0.3428811418 -0.06786237777
6.45 0.02038706328 0.02038873598 -0.4118799268 -0.4034363519 0.3550298828 -0.0631385694
6.5 0.01953988258 0.01954470951 -0.4072631331 -0.4009810149 0.3667411309 -0.05838335097
6.55 0.01872649034 0.01873451434 -0.4025627165 -0.3984678394 0.3780026417 -0.05359943589
6.6 0.01794559 0.0179568581 -0.397782006 -0.3958995275 0.3888028247 -0.04878948994
6.65 0.01719593042 0.017210494 -0.3929242555 -0.3932787242 0.3991307475 -0.04395613086
6.7 0.01647630449 0.0164942195 -0.387992644 -0.3906080171 0.4089761387 -0.03910192804
6.75 0.01578554781 0.01580687488 -0.3829902755 -0.3878899367 0.4183293904 -0.03422940225
6.8 0.0151225373 0.01514734201 -0.3779201795 -0.3851269569 0.4271815599 -0.02934102544
6.85 0.01448618997 0.01451454299 -0.3727853108 -0.3823214953 0.4355243707 -0.02443922053
6.9 0.01387546159 0.01390743892 -0.3675885505 -0.3794759132 0.4433502125 -0.01952636135
6.95 0.01328934548 0.01332502864 -0.3623327054 -0.3765925163 0.450652141 -0.01460477252
7 0.01272687126 0.01276634752 -0.3570205095 -0.3736735554 0.4574238769 -0.009676729438
7.05 0.01218710369 0.0122304663 -0.3516546235 -0.3707212262 0.4636598037 -0.004744458289
7.1 0.01166914148 0.01171648991 -0.3462376357 -0.3677376704 0.4693549657 0.0001898639098
7.15 0.01117211617 0.01122355636 -0.3407720626 -0.3647249761 0.4745050649 0.005124109222
7.2 0.010695191 0.01075083564 -0.3352603494 -0.3616851781 0.4791064573 0.01005619867
7.25 0.01023755986 0.01029752864 -0.3297048705 -0.3586202588 0.4831561485 0.01498410209
7.3 0.009798446221 0.009862866118 -0.3241079301 -0.3555321485 0.4866517893 0.01990583793
7.35 0.009377102107 0.009446107697 -0.318471763 -0.3524227264 0.4895916698 0.02481947305
7.4 0.008972807099 0.009046540865 -0.3127985353 -0.349293821 0.4919747138 0.02972312246
7.45 0.008584867365 0.008663480022 -0.3070903449 -0.3461472108 0.4938004724 0.03461494907
7.5 0.008212614714 0.008296265552 -0.3013492224 -0.3429846249 0.4950691167 0.03949316338
7.55 0.007855405678 0.007944262919 -0.2955771319 -0.3398077441 0.4957814305 0.04435602314
7.6 0.007512620612 0.007606861788 -0.2897759714 -0.3366182009 0.4959388021 0.04920183305
7.65 0.007183662832 0.007283475174 -0.283947574 -0.3334175809 0.4955432162 0.05402894436
7.7 0.006867957768 0.006973538616 -0.2780937085 -0.3302074231 0.4945972446 0.05883575448
7.75 0.006564952142 0.006676509379 -0.2722160803 -0.3269892208 0.4931040372 0.06362070661
7.8 0.006274113175 0.006391865672 -0.266316332 -0.3237644222 0.4910673119 0.06838228929
7.85 0.005994927808 0.006119105902 -0.2603960443 -0.3205344315 0.4884913445 0.07311903595
7.9 0.005726901958 0.005857747939 -0.2544567371 -0.3173006092 0.4853809582 0.07782952449
7.95 0.005469559783 0.005607328418 -0.24849987 -0.3140642731 0.4817415125 0.08251237677
8 0.005222442978 0.005367402046 -0.2425268432 -0.310826699 0.477578892 0.08716625816
8.05 0.004985110083 0.005137540952 -0.2365389984 -0.3075891216 0.4728994945 0.09178987703
8.1 0.004757135824 0.004917334037 -0.2305376198 -0.3043527349 0.4677102194 0.09638198424
8.15 0.004538110459 0.004706386362 -0.2245239347 -0.3011186934 0.4620184549 0.1009413726
8.2 0.004327639155 0.004504318548 -0.2184991142 -0.2978881125 0.4558320658 0.1054668765
8.25 0.004125341375 0.004310766195 -0.2124642747 -0.2946620694 0.4491593801 0.109957371
8.3 0.003930850289 0.00412537933 -0.2064204779 -0.291441604 0.4420091763 0.1144117717
8.35 0.003743812197 0.003947821858 -0.2003687323 -0.2882277194 0.43439067 0.1188290339
8.4 0.003563885976 0.003777771046 -0.1943099938 -0.2850213827 0.4263134997 0.1232081523
8.45 0.003390742534 0.00361491702 -0.1882451663 -0.2818235259 0.4177877134 0.1275481603
8.5 0.003224064288 0.003458962273 -0.182175103 -0.2786350465 0.4088237546 0.1318481291
8.55 0.003063544651 0.003309621202 -0.1761006067 -0.2754568083 0.3994324474 0.1361071677
8.6 0.002908887536 0.003166619651 -0.170022431 -0.2722896421 0.3896249828 0.1403244221
8.65 0.002759806877 0.003029694473 -0.1639412811 -0.2691343464 0.3794129036 0.1444990745
8.7 0.002616026154 0.002898593111 -0.1578578142 -0.265991688 0.3688080899 0.148630343
8.75 0.002477277941 0.00277307319 -0.1517726408 -0.2628624032 0.3578227439 0.1527174808
8.8 0.00234330346 0.002652902122 -0.145686325 -0.2597471978 0.3464693755 0.1567597759
8.85 0.002213852149 0.002537856732 -0.1395993857 -0.2566467484 0.3347607864 0.1607565501
8.9 0.002088681242 0.002427722891 -0.133512297 -0.2535617027 0.3227100556 0.1647071587
8.95 0.001967555355 0.002322295165 -0.1274254893 -0.2504926804 0.3103305238 0.1686109898
9 0.001850246085 0.002221376474 -0.1213393496 -0.2474402737 0.2976357783 0.1724674639
9.05 0.001736531622 0.002124777768 -0.1152542226 -0.2444050482 0.2846396372 0.176276033
9.1 0.001626196362 0.002032317715 -0.1091704114 -0.2413875434 0.2713561345 0.1800361801
9.15 0.001519030534 0.00194382239 -0.1030881778 -0.2383882731 0.2577995045 0.1837474188
9.2 0.001414829835 0.001859124994 -0.0970077435 -0.2354077268 0.2439841664 0.1874092924
9.25 0.001313395068 0.001778065563 -0.09092929043 -0.2324463693 0.2299247087 0.1910213737
9.3 0.001214531792 0.001700490705 -0.0848529616 -0.2295046421 0.2156358743 0.194583264
9.35 0.00111804997 0.001626253337 -0.07877886164 -0.226582964 0.2011325444 0.1980945928
9.4 0.001023763638 0.001555212432 -0.0727070575 -0.223681731 0.1864297241 0.2015550173
9.45 0.0009314905571 0.001487232784 -0.06663757903 -0.2208013177 0.1715425264 0.2049642213
9.5 0.0008410518939 0.001422184768 -0.06057041964 -0.2179420774 0.1564861574 0.2083219153
9.55 0.0007522718859 0.001359944125 -0.05450553686 -0.2151043428 0.1412759011 0.2116278355
9.6 0.0006649775213 0.001300391741 -0.04844285292 -0.2122884268 0.1259271044 0.2148817434
9.65 0.0005789982177 0.001243413444 -0.04238225535 -0.2094946226 0.1104551624 0.218083425
9.7 0.000494165505 0.001188899804 -0.03632359749 -0.2067232046 0.09487550328 0.2212326908
9.75 0.0004103127085 0.001136745943 -0.03026669907 -0.2039744287 0.07920357389 0.2243293745
9.8 0.0003272746352 0.001086851349 -0.02421134671 -0.2012485331 0.06345482519 0.2273733332
9.85 0.0002448872597 0.001039119702 -0.01815729445 -0.1985457387 0.04764469786 0.2303644461
9.9 0.000162987411 0.0009934587047 -0.01210426422 -0.1958662493 0.03178860813 0.2333026146
9.95 8.141245899e-05 0.0009497799153 -0.00605194635 -0.1932102527 0.01590193373 0.2361877616
