0 1 -0.221074 0
0.01 0.997785 -0.222024 0.00998893
0.02 0.99556 -0.222974 0.0199557
0.03 0.993325 -0.223925 0.0299001
0.04 0.991081 -0.224875 0.0398221
0.05 0.988828 -0.225826 0.0497217
0.06 0.986565 -0.226776 0.0595986
0.07 0.984292 -0.227727 0.0694529
0.08 0.98201 -0.228677 0.0792845
0.09 0.979718 -0.229628 0.0890931
0.1 0.977417 -0.230578 0.0988788
0.11 0.975107 -0.231529 0.108641
0.12 0.972787 -0.232479 0.118381
0.13 0.970457 -0.233429 0.128097
0.14 0.968118 -0.23438 0.13779
0.15 0.96577 -0.23533 0.147459
0.16 0.963412 -0.236281 0.157105
0.17 0.961044 -0.237231 0.166728
0.18 0.958667 -0.238182 0.176326
0.19 0.95628 -0.239132 0.185901
0.2 0.953884 -0.240083 0.195452
0.21 0.951479 -0.241033 0.204979
0.22 0.949064 -0.241984 0.214481
0.23 0.946639 -0.242934 0.22396
0.24 0.944205 -0.243884 0.233414
0.25 0.941761 -0.244835 0.242844
0.26 0.939308 -0.245785 0.252249
0.27 0.936846 -0.246736 0.26163
0.28 0.934374 -0.247686 0.270986
0.29 0.931892 -0.248637 0.280318
0.3 0.929401 -0.249587 0.289624
0.31 0.9269 -0.250538 0.298906
0.32 0.92439 -0.251488 0.308162
0.33 0.921871 -0.252439 0.317393
0.34 0.919341 -0.253389 0.326599
0.35 0.916803 -0.254339 0.33578
0.36 0.914255 -0.25529 0.344935
0.37 0.911697 -0.25624 0.354065
0.38 0.90913 -0.257191 0.363169
0.39 0.906553 -0.258141 0.372248
0.4 0.903967 -0.259092 0.3813
0.41 0.901371 -0.260042 0.390327
0.42 0.898766 -0.260993 0.399328
0.43 0.896151 -0.261943 0.408302
0.44 0.893527 -0.262893 0.417251
0.45 0.890894 -0.263844 0.426173
0.46 0.88825 -0.264794 0.435069
0.47 0.885598 -0.265745 0.443938
0.48 0.882935 -0.266695 0.45278
0.49 0.880264 -0.267646 0.461596
0.5 0.877583 -0.268596 0.470386
0.51 0.874815 -0.284835 0.479148
0.52 0.871886 -0.301073 0.487881
0.53 0.868794 -0.317312 0.496585
0.54 0.86554 -0.33355 0.505257
0.55 0.862123 -0.349789 0.513895
0.56 0.858544 -0.366028 0.522499
0.57 0.854802 -0.382266 0.531066
0.58 0.850899 -0.398505 0.539594
0.59 0.846832 -0.414743 0.548083
0.6 0.842604 -0.430982 0.55653
0.61 0.838213 -0.447221 0.564935
0.62 0.833659 -0.463459 0.573294
0.63 0.828943 -0.479698 0.581607
0.64 0.824065 -0.495936 0.589872
0.65 0.819025 -0.512175 0.598088
0.66 0.813822 -0.528413 0.606252
0.67 0.808456 -0.544652 0.614364
0.68 0.802929 -0.560891 0.622421
0.69 0.797239 -0.577129 0.630422
0.7 0.791386 -0.593368 0.638365
0.71 0.785371 -0.609606 0.646249
0.72 0.779194 -0.625845 0.654072
0.73 0.772854 -0.642083 0.661832
0.74 0.766352 -0.658322 0.669529
0.75 0.759688 -0.674561 0.677159
0.76 0.752861 -0.690799 0.684722
0.77 0.745872 -0.707038 0.692216
0.78 0.73872 -0.723276 0.699639
0.79 0.731406 -0.739515 0.706989
0.8 0.72393 -0.755753 0.714266
0.81 0.716291 -0.771992 0.721468
0.82 0.70849 -0.788231 0.728592
0.83 0.700527 -0.804469 0.735637
0.84 0.692401 -0.820708 0.742602
0.85 0.684113 -0.836946 0.749484
0.86 0.675662 -0.853185 0.756283
0.87 0.667049 -0.869423 0.762997
0.88 0.658274 -0.885662 0.769624
0.89 0.649336 -0.901901 0.776162
0.9 0.640236 -0.918139 0.78261
0.91 0.630973 -0.934378 0.788966
0.92 0.621548 -0.950616 0.795229
0.93 0.611961 -0.966855 0.801396
0.94 0.602211 -0.983093 0.807467
0.95 0.592299 -0.999332 0.81344
0.96 0.582224 -1.01557 0.819313
0.97 0.571987 -1.03181 0.825084
0.98 0.561588 -1.04805 0.830752
0.99 0.551026 -1.06429 0.836315
1 0.540302 -1.08052 0.841772
1.01 0.529525 -1.07487 0.847121
1.02 0.518805 -1.06921 0.852363
1.03 0.508141 -1.06356 0.857497
1.04 0.497534 -1.0579 0.862526
1.05 0.486983 -1.05225 0.867448
1.06 0.476489 -1.04659 0.872266
1.07 0.466051 -1.04093 0.876978
1.08 0.45567 -1.03528 0.881587
1.09 0.445346 -1.02962 0.886092
1.1 0.435078 -1.02397 0.890494
1.11 0.424866 -1.01831 0.894794
1.12 0.414711 -1.01266 0.898991
1.13 0.404613 -1.007 0.903088
1.14 0.394572 -1.00134 0.907084
1.15 0.384586 -0.995688 0.91098
1.16 0.374658 -0.990032 0.914776
1.17 0.364786 -0.984376 0.918473
1.18 0.35497 -0.978721 0.922072
1.19 0.345211 -0.973065 0.925573
1.2 0.335509 -0.967409 0.928976
1.21 0.325863 -0.961753 0.932283
1.22 0.316274 -0.956098 0.935494
1.23 0.306741 -0.950442 0.938609
1.24 0.297265 -0.944786 0.941629
1.25 0.287845 -0.93913 0.944554
1.26 0.278482 -0.933474 0.947386
1.27 0.269176 -0.927819 0.950124
1.28 0.259926 -0.922163 0.952769
1.29 0.250733 -0.916507 0.955323
1.3 0.241596 -0.910851 0.957784
1.31 0.232516 -0.905196 0.960155
1.32 0.223492 -0.89954 0.962435
1.33 0.214525 -0.893884 0.964625
1.34 0.205614 -0.888228 0.966725
1.35 0.19676 -0.882572 0.968737
1.36 0.187963 -0.876917 0.970661
1.37 0.179222 -0.871261 0.972497
1.38 0.170538 -0.865605 0.974245
1.39 0.16191 -0.859949 0.975908
1.4 0.153339 -0.854293 0.977484
1.41 0.144824 -0.848638 0.978975
1.42 0.136366 -0.842982 0.980381
1.43 0.127964 -0.837326 0.981702
1.44 0.119619 -0.83167 0.98294
1.45 0.111331 -0.826015 0.984095
1.46 0.103099 -0.820359 0.985167
1.47 0.0949238 -0.814703 0.986157
1.48 0.086805 -0.809047 0.987065
1.49 0.0787428 -0.803391 0.987893
1.5 0.0707372 -0.797736 0.988641
1.51 0.0627246 -0.804777 0.989308
1.52 0.0546417 -0.811818 0.989895
1.53 0.0464883 -0.818859 0.9904
1.54 0.0382645 -0.825901 0.990824
1.55 0.0299703 -0.832942 0.991166
1.56 0.0216056 -0.839983 0.991423
1.57 0.0131706 -0.847025 0.991597
1.58 0.00466514 -0.854066 0.991687
1.59 -0.00391073 -0.861107 0.99169
1.6 -0.012557 -0.868149 0.991608
1.61 -0.0212737 -0.87519 0.991439
1.62 -0.0300608 -0.882231 0.991183
1.63 -0.0389183 -0.889272 0.990838
1.64 -0.0478463 -0.896314 0.990404
1.65 -0.0568446 -0.903355 0.989881
1.66 -0.0659134 -0.910396 0.989267
1.67 -0.0750525 -0.917438 0.988562
1.68 -0.0842621 -0.924479 0.987765
1.69 -0.0935421 -0.93152 0.986877
1.7 -0.102893 -0.938562 0.985894
1.71 -0.112313 -0.945603 0.984818
1.72 -0.121805 -0.952644 0.983648
1.73 -0.131366 -0.959685 0.982382
1.74 -0.140998 -0.966727 0.98102
1.75 -0.150701 -0.973768 0.979562
1.76 -0.160474 -0.980809 0.978006
1.77 -0.170317 -0.987851 0.976352
1.78 -0.180231 -0.994892 0.9746
1.79 -0.190215 -1.00193 0.972747
1.8 -0.200269 -1.00897 0.970795
1.81 -0.210394 -1.01602 0.968742
1.82 -0.22059 -1.02306 0.966587
1.83 -0.230855 -1.0301 0.96433
1.84 -0.241192 -1.03714 0.96197
1.85 -0.251598 -1.04418 0.959506
1.86 -0.262075 -1.05122 0.956937
1.87 -0.272623 -1.05826 0.954264
1.88 -0.283241 -1.0653 0.951485
1.89 -0.293929 -1.07235 0.948599
1.9 -0.304687 -1.07939 0.945606
1.91 -0.315517 -1.08643 0.942505
1.92 -0.326416 -1.09347 0.939295
1.93 -0.337386 -1.10051 0.935976
1.94 -0.348426 -1.10755 0.932547
1.95 -0.359537 -1.11459 0.929008
1.96 -0.370718 -1.12164 0.925356
1.97 -0.38197 -1.12868 0.921593
1.98 -0.393292 -1.13572 0.917717
1.99 -0.404684 -1.14276 0.913727
2 -0.416147 -1.1498 0.909623
2.01 -0.427569 -1.13461 0.905404
2.02 -0.438839 -1.11942 0.901072
2.03 -0.449957 -1.10422 0.896628
2.04 -0.460923 -1.08903 0.892073
2.05 -0.471738 -1.07384 0.88741
2.06 -0.4824 -1.05865 0.882639
2.07 -0.492911 -1.04345 0.877762
2.08 -0.503269 -1.02826 0.872781
2.09 -0.513476 -1.01307 0.867697
2.1 -0.523531 -0.997878 0.862512
2.11 -0.533434 -0.982685 0.857227
2.12 -0.543184 -0.967493 0.851844
2.13 -0.552783 -0.952301 0.846364
2.14 -0.56223 -0.937109 0.840789
2.15 -0.571526 -0.921916 0.83512
2.16 -0.580669 -0.906724 0.829359
2.17 -0.58966 -0.891532 0.823507
2.18 -0.598499 -0.87634 0.817566
2.19 -0.607187 -0.861147 0.811538
2.2 -0.615722 -0.845955 0.805423
2.21 -0.624106 -0.830763 0.799224
2.22 -0.632338 -0.81557 0.792941
2.23 -0.640417 -0.800378 0.786578
2.24 -0.648345 -0.785186 0.780134
2.25 -0.656121 -0.769994 0.773611
2.26 -0.663745 -0.754801 0.767012
2.27 -0.671217 -0.739609 0.760337
2.28 -0.678537 -0.724417 0.753588
2.29 -0.685705 -0.709224 0.746767
2.3 -0.692722 -0.694032 0.739874
2.31 -0.699586 -0.67884 0.732913
2.32 -0.706299 -0.663648 0.725883
2.33 -0.712859 -0.648455 0.718787
2.34 -0.719268 -0.633263 0.711626
2.35 -0.725524 -0.618071 0.704402
2.36 -0.731629 -0.602878 0.697116
2.37 -0.737582 -0.587686 0.68977
2.38 -0.743383 -0.572494 0.682365
2.39 -0.749032 -0.557302 0.674903
2.4 -0.754529 -0.542109 0.667385
2.41 -0.759874 -0.526917 0.659813
2.42 -0.765067 -0.511725 0.652188
2.43 -0.770108 -0.496533 0.644512
2.44 -0.774998 -0.48134 0.636786
2.45 -0.779735 -0.466148 0.629013
2.46 -0.784321 -0.450956 0.621192
2.47 -0.788754 -0.435763 0.613327
2.48 -0.793036 -0.420571 0.605418
2.49 -0.797166 -0.405379 0.597467
2.5 -0.801144 -0.390187 0.589475
2.51 -0.805043 -0.389687 0.581444
2.52 -0.808937 -0.389187 0.573374
2.53 -0.812827 -0.388688 0.565265
2.54 -0.816711 -0.388188 0.557118
2.55 -0.82059 -0.387689 0.548931
2.56 -0.824465 -0.387189 0.540706
2.57 -0.828334 -0.38669 0.532442
2.58 -0.832199 -0.38619 0.524139
2.59 -0.836058 -0.385691 0.515798
2.6 -0.839912 -0.385191 0.507418
2.61 -0.843762 -0.384691 0.499
2.62 -0.847606 -0.384192 0.490543
2.63 -0.851446 -0.383692 0.482047
2.64 -0.85528 -0.383193 0.473514
2.65 -0.85911 -0.382693 0.464942
2.66 -0.862934 -0.382194 0.456332
2.67 -0.866753 -0.381694 0.447683
2.68 -0.870568 -0.381195 0.438997
2.69 -0.874377 -0.380695 0.430272
2.7 -0.878182 -0.380196 0.421509
2.71 -0.881981 -0.379696 0.412708
2.72 -0.885776 -0.379196 0.403869
2.73 -0.889565 -0.378697 0.394993
2.74 -0.89335 -0.378197 0.386078
2.75 -0.897129 -0.377698 0.377126
2.76 -0.900904 -0.377198 0.368136
2.77 -0.904673 -0.376699 0.359108
2.78 -0.908438 -0.376199 0.350042
2.79 -0.912197 -0.3757 0.340939
2.8 -0.915952 -0.3752 0.331798
2.81 -0.919701 -0.3747 0.32262
2.82 -0.923446 -0.374201 0.313404
2.83 -0.927185 -0.373701 0.304151
2.84 -0.93092 -0.373202 0.294861
2.85 -0.934649 -0.372702 0.285533
2.86 -0.938374 -0.372203 0.276168
2.87 -0.942093 -0.371703 0.266765
2.88 -0.945808 -0.371204 0.257326
2.89 -0.949517 -0.370704 0.247849
2.9 -0.953222 -0.370204 0.238335
2.91 -0.956921 -0.369705 0.228785
2.92 -0.960616 -0.369205 0.219197
2.93 -0.964305 -0.368706 0.209572
2.94 -0.96799 -0.368206 0.199911
2.95 -0.97167 -0.367707 0.190213
2.96 -0.975344 -0.367207 0.180478
2.97 -0.979014 -0.366708 0.170706
2.98 -0.982678 -0.366208 0.160897
2.99 -0.986338 -0.365709 0.151052
3 -0.989992 -0.365209 0.141171
3.01 -0.99355 -0.346318 0.131253
3.02 -0.996919 -0.327427 0.1213
3.03 -1.0001 -0.308535 0.111315
3.04 -1.00309 -0.289644 0.101299
3.05 -1.00589 -0.270753 0.0912537
3.06 -1.0085 -0.251862 0.0811816
3.07 -1.01093 -0.23297 0.0710843
3.08 -1.01316 -0.214079 0.0609636
3.09 -1.01521 -0.195188 0.0508216
3.1 -1.01707 -0.176297 0.0406601
3.11 -1.01874 -0.157406 0.0304809
3.12 -1.02022 -0.138514 0.020286
3.13 -1.02151 -0.119623 0.0100772
3.14 -1.02261 -0.100732 -0.000143533
3.15 -1.02352 -0.0818406 -0.0103743
3.16 -1.02425 -0.0629494 -0.0206133
3.17 -1.02478 -0.0440582 -0.0308586
3.18 -1.02513 -0.0251669 -0.0411083
3.19 -1.02528 -0.00627572 -0.0513605
3.2 -1.02525 0.0126155 -0.0616133
3.21 -1.02503 0.0315067 -0.0718649
3.22 -1.02462 0.0503979 -0.0821133
3.23 -1.02402 0.0692892 -0.0923567
3.24 -1.02324 0.0881804 -0.102593
3.25 -1.02226 0.107072 -0.112821
3.26 -1.02109 0.125963 -0.123038
3.27 -1.01974 0.144854 -0.133242
3.28 -1.0182 0.163745 -0.143432
3.29 -1.01647 0.182637 -0.153605
3.3 -1.01454 0.201528 -0.163761
3.31 -1.01243 0.220419 -0.173896
3.32 -1.01014 0.23931 -0.184009
3.33 -1.00765 0.258201 -0.194098
3.34 -1.00497 0.277093 -0.204161
3.35 -1.00211 0.295984 -0.214197
3.36 -0.999053 0.314875 -0.224203
3.37 -0.995809 0.333766 -0.234177
3.38 -0.992377 0.352658 -0.244118
3.39 -0.988756 0.371549 -0.254024
3.4 -0.984946 0.39044 -0.263893
3.41 -0.980947 0.409331 -0.273722
3.42 -0.97676 0.428222 -0.283511
3.43 -0.972383 0.447114 -0.293257
3.44 -0.967817 0.466005 -0.302958
3.45 -0.963063 0.484896 -0.312612
3.46 -0.958119 0.503787 -0.322219
3.47 -0.952987 0.522679 -0.331774
3.48 -0.947666 0.54157 -0.341278
3.49 -0.942156 0.560461 -0.350727
3.5 -0.936457 0.579352 -0.36012
3.51 -0.930666 0.578803 -0.369456
3.52 -0.924881 0.578254 -0.378733
3.53 -0.919101 0.577705 -0.387953
3.54 -0.913327 0.577156 -0.397116
3.55 -0.907558 0.576607 -0.40622
3.56 -0.901794 0.576058 -0.415267
3.57 -0.896037 0.575509 -0.424256
3.58 -0.890284 0.57496 -0.433187
3.59 -0.884537 0.574411 -0.442062
3.6 -0.878796 0.573862 -0.450878
3.61 -0.87306 0.573313 -0.459637
3.62 -0.86733 0.572764 -0.468339
3.63 -0.861605 0.572215 -0.476984
3.64 -0.855885 0.571666 -0.485572
3.65 -0.850172 0.571117 -0.494102
3.66 -0.844463 0.570568 -0.502575
3.67 -0.83876 0.570018 -0.510991
3.68 -0.833063 0.569469 -0.51935
3.69 -0.827371 0.56892 -0.527652
3.7 -0.821684 0.568371 -0.535898
3.71 -0.816003 0.567822 -0.544086
3.72 -0.810328 0.567273 -0.552218
3.73 -0.804658 0.566724 -0.560293
3.74 -0.798993 0.566175 -0.568311
3.75 -0.793334 0.565626 -0.576273
3.76 -0.787681 0.565077 -0.584178
3.77 -0.782033 0.564528 -0.592026
3.78 -0.77639 0.563979 -0.599818
3.79 -0.770753 0.56343 -0.607554
3.8 -0.765122 0.562881 -0.615233
3.81 -0.759496 0.562332 -0.622856
3.82 -0.753875 0.561783 -0.630423
3.83 -0.74826 0.561234 -0.637934
3.84 -0.74265 0.560685 -0.645389
3.85 -0.737046 0.560136 -0.652787
3.86 -0.731448 0.559587 -0.660129
3.87 -0.725855 0.559038 -0.667416
3.88 -0.720267 0.558489 -0.674647
3.89 -0.714685 0.55794 -0.681821
3.9 -0.709108 0.55739 -0.68894
3.91 -0.703537 0.556841 -0.696004
3.92 -0.697971 0.556292 -0.703011
3.93 -0.692411 0.555743 -0.709963
3.94 -0.686856 0.555194 -0.716859
3.95 -0.681307 0.554645 -0.7237
3.96 -0.675764 0.554096 -0.730485
3.97 -0.670225 0.553547 -0.737215
3.98 -0.664693 0.552998 -0.74389
3.99 -0.659165 0.552449 -0.750509
4 -0.653644 0.5519 -0.757073
4.01 -0.648058 0.565252 -0.763582
4.02 -0.642339 0.578604 -0.770034
4.03 -0.636486 0.591956 -0.776428
4.04 -0.630499 0.605307 -0.782763
4.05 -0.62438 0.618659 -0.789038
4.06 -0.618126 0.632011 -0.79525
4.07 -0.611739 0.645363 -0.8014
4.08 -0.605219 0.658715 -0.807485
4.09 -0.598565 0.672066 -0.813504
4.1 -0.591778 0.685418 -0.819456
4.11 -0.584857 0.69877 -0.825339
4.12 -0.577802 0.712122 -0.831152
4.13 -0.570614 0.725474 -0.836895
4.14 -0.563293 0.738826 -0.842564
4.15 -0.555838 0.752177 -0.84816
4.16 -0.548249 0.765529 -0.85368
4.17 -0.540527 0.778881 -0.859124
4.18 -0.532672 0.792233 -0.864491
4.19 -0.524683 0.805585 -0.869777
4.2 -0.51656 0.818937 -0.874984
4.21 -0.508304 0.832288 -0.880108
4.22 -0.499914 0.84564 -0.885149
4.23 -0.491391 0.858992 -0.890106
4.24 -0.482734 0.872344 -0.894977
4.25 -0.473944 0.885696 -0.89976
4.26 -0.46502 0.899047 -0.904455
4.27 -0.455963 0.912399 -0.90906
4.28 -0.446772 0.925751 -0.913574
4.29 -0.437448 0.939103 -0.917995
4.3 -0.42799 0.952455 -0.922323
4.31 -0.418399 0.965807 -0.926555
4.32 -0.408674 0.979158 -0.93069
4.33 -0.398816 0.99251 -0.934728
4.34 -0.388824 1.00586 -0.938666
4.35 -0.378699 1.01921 -0.942504
4.36 -0.36844 1.03257 -0.94624
4.37 -0.358047 1.04592 -0.949872
4.38 -0.347521 1.05927 -0.9534
4.39 -0.336862 1.07262 -0.956822
4.4 -0.326069 1.08597 -0.960137
4.41 -0.315143 1.09932 -0.963343
4.42 -0.304083 1.11268 -0.966439
4.43 -0.292889 1.12603 -0.969424
4.44 -0.281562 1.13938 -0.972297
4.45 -0.270101 1.15273 -0.975055
4.46 -0.258507 1.16608 -0.977698
4.47 -0.24678 1.17944 -0.980225
4.48 -0.234919 1.19279 -0.982633
4.49 -0.222924 1.20614 -0.984923
4.5 -0.210796 1.21949 -0.987091
4.51 -0.198647 1.21027 -0.989138
4.52 -0.18659 1.20105 -0.991065
4.53 -0.174626 1.19182 -0.992871
4.54 -0.162754 1.1826 -0.994557
4.55 -0.150974 1.17338 -0.996126
4.56 -0.139286 1.16415 -0.997577
4.57 -0.127691 1.15493 -0.998912
4.58 -0.116188 1.14571 -1.00013
4.59 -0.104777 1.13648 -1.00124
4.6 -0.0934582 1.12726 -1.00223
4.61 -0.0822317 1.11804 -1.00311
4.62 -0.0710974 1.10882 -1.00387
4.63 -0.0600554 1.09959 -1.00453
4.64 -0.0491056 1.09037 -1.00507
4.65 -0.038248 1.08115 -1.00551
4.66 -0.0274827 1.07192 -1.00584
4.67 -0.0168095 1.0627 -1.00606
4.68 -0.00622866 1.05348 -1.00618
4.69 0.00426 1.04425 -1.00619
4.7 0.0146564 1.03503 -1.00609
4.71 0.0249606 1.02581 -1.00589
4.72 0.0351726 1.01658 -1.00559
4.73 0.0452923 1.00736 -1.00519
4.74 0.0553198 0.998139 -1.00469
4.75 0.0652551 0.988916 -1.00408
4.76 0.0750981 0.979693 -1.00338
4.77 0.084849 0.97047 -1.00258
4.78 0.0945075 0.961247 -1.00168
4.79 0.104074 0.952024 -1.00069
4.8 0.113548 0.942801 -0.999603
4.81 0.12293 0.933578 -0.998421
4.82 0.13222 0.924355 -0.997145
4.83 0.141417 0.915132 -0.995777
4.84 0.150522 0.905909 -0.994317
4.85 0.159535 0.896686 -0.992767
4.86 0.168456 0.887463 -0.991127
4.87 0.177284 0.87824 -0.989398
4.88 0.186021 0.869017 -0.987581
4.89 0.194665 0.859794 -0.985678
4.9 0.203217 0.850571 -0.983688
4.91 0.211676 0.841348 -0.981614
4.92 0.220044 0.832125 -0.979455
4.93 0.228319 0.822902 -0.977213
4.94 0.236502 0.813679 -0.974889
4.95 0.244592 0.804456 -0.972483
4.96 0.252591 0.795233 -0.969997
4.97 0.260497 0.78601 -0.967432
4.98 0.268311 0.776787 -0.964788
4.99 0.276033 0.767564 -0.962066
5 0.283662 0.758341 -0.959267
5.01 0.291264 0.762008 -0.956393
5.02 0.298902 0.765675 -0.953442
5.03 0.306577 0.769342 -0.950415
5.04 0.314289 0.773009 -0.94731
5.05 0.322038 0.776676 -0.944129
5.06 0.329823 0.780343 -0.940869
5.07 0.337644 0.78401 -0.937532
5.08 0.345503 0.787677 -0.934116
5.09 0.353398 0.791344 -0.930622
5.1 0.36133 0.795011 -0.927048
5.11 0.369298 0.798677 -0.923395
5.12 0.377303 0.802344 -0.919662
5.13 0.385345 0.806011 -0.915849
5.14 0.393424 0.809678 -0.911955
5.15 0.401539 0.813345 -0.90798
5.16 0.40969 0.817012 -0.903924
5.17 0.417879 0.820679 -0.899787
5.18 0.426104 0.824346 -0.895567
5.19 0.434366 0.828013 -0.891264
5.2 0.442664 0.83168 -0.886879
5.21 0.450999 0.835347 -0.882411
5.22 0.459371 0.839014 -0.877859
5.23 0.46778 0.842681 -0.873223
5.24 0.476225 0.846348 -0.868503
5.25 0.484707 0.850015 -0.863699
5.26 0.493225 0.853682 -0.858809
5.27 0.50178 0.857349 -0.853834
5.28 0.510372 0.861016 -0.848773
5.29 0.519001 0.864683 -0.843627
5.3 0.527666 0.86835 -0.838393
5.31 0.536368 0.872017 -0.833073
5.32 0.545106 0.875684 -0.827666
5.33 0.553881 0.879351 -0.822171
5.34 0.562693 0.883018 -0.816588
5.35 0.571542 0.886685 -0.810917
5.36 0.580427 0.890352 -0.805157
5.37 0.589349 0.894019 -0.799308
5.38 0.598307 0.897686 -0.79337
5.39 0.607302 0.901353 -0.787342
5.4 0.616334 0.90502 -0.781224
5.41 0.625403 0.908687 -0.775015
5.42 0.634508 0.912354 -0.768716
5.43 0.64365 0.916021 -0.762325
5.44 0.652828 0.919688 -0.755843
5.45 0.662044 0.923355 -0.749268
5.46 0.671296 0.927022 -0.742602
5.47 0.680584 0.930689 -0.735842
5.48 0.689909 0.934356 -0.72899
5.49 0.699271 0.938023 -0.722044
5.5 0.70867 0.94169 -0.715004
5.51 0.717999 0.924142 -0.707871
5.52 0.727153 0.906595 -0.700645
5.53 0.736131 0.889047 -0.693328
5.54 0.744934 0.871499 -0.685923
5.55 0.753561 0.853952 -0.67843
5.56 0.762013 0.836404 -0.670852
5.57 0.770289 0.818857 -0.66319
5.58 0.77839 0.801309 -0.655447
5.59 0.786315 0.783762 -0.647623
5.6 0.794065 0.766214 -0.639721
5.61 0.801639 0.748667 -0.631743
5.62 0.809038 0.731119 -0.623689
5.63 0.816262 0.713572 -0.615562
5.64 0.82331 0.696024 -0.607364
5.65 0.830182 0.678476 -0.599097
5.66 0.836879 0.660929 -0.590761
5.67 0.843401 0.643381 -0.58236
5.68 0.849747 0.625834 -0.573894
5.69 0.855917 0.608286 -0.565365
5.7 0.861913 0.590739 -0.556776
5.71 0.867732 0.573191 -0.548128
5.72 0.873376 0.555644 -0.539422
5.73 0.878845 0.538096 -0.530661
5.74 0.884138 0.520549 -0.521846
5.75 0.889256 0.503001 -0.512979
5.76 0.894198 0.485453 -0.504061
5.77 0.898965 0.467906 -0.495095
5.78 0.903556 0.450358 -0.486082
5.79 0.907972 0.432811 -0.477025
5.8 0.912213 0.415263 -0.467924
5.81 0.916278 0.397716 -0.458781
5.82 0.920167 0.380168 -0.449599
5.83 0.923881 0.362621 -0.440378
5.84 0.927419 0.345073 -0.431122
5.85 0.930782 0.327526 -0.42183
5.86 0.93397 0.309978 -0.412507
5.87 0.936982 0.29243 -0.403152
5.88 0.939819 0.274883 -0.393767
5.89 0.94248 0.257335 -0.384356
5.9 0.944965 0.239788 -0.374918
5.91 0.947275 0.22224 -0.365457
5.92 0.94941 0.204693 -0.355974
5.93 0.951369 0.187145 -0.34647
5.94 0.953153 0.169598 -0.336947
5.95 0.954761 0.15205 -0.327407
5.96 0.956194 0.134503 -0.317852
5.97 0.957451 0.116955 -0.308284
5.98 0.958533 0.0994075 -0.298704
5.99 0.959439 0.08186 -0.289114
6 0.96017 0.0643124 -0.279515
6.01 0.960807 0.0630533 -0.269911
6.02 0.961431 0.0617942 -0.260299
6.03 0.962043 0.0605351 -0.250682
6.04 0.962642 0.059276 -0.241059
6.05 0.963229 0.0580169 -0.231429
6.06 0.963802 0.0567578 -0.221794
6.07 0.964364 0.0554986 -0.212153
6.08 0.964912 0.0542395 -0.202507
6.09 0.965448 0.0529804 -0.192855
6.1 0.965972 0.0517213 -0.183198
6.11 0.966483 0.0504622 -0.173536
6.12 0.966981 0.0492031 -0.163868
6.13 0.967467 0.047944 -0.154196
6.14 0.96794 0.0466849 -0.144519
6.15 0.968401 0.0454258 -0.134837
6.16 0.968849 0.0441667 -0.125151
6.17 0.969284 0.0429076 -0.11546
6.18 0.969707 0.0416484 -0.105765
6.19 0.970117 0.0403893 -0.0960662
6.2 0.970515 0.0391302 -0.0863631
6.21 0.9709 0.0378711 -0.076656
6.22 0.971272 0.036612 -0.0669451
6.23 0.971632 0.0353529 -0.0572306
6.24 0.971979 0.0340938 -0.0475125
6.25 0.972314 0.0328347 -0.037791
6.26 0.972636 0.0315756 -0.0280663
6.27 0.972945 0.0303165 -0.0183384
6.28 0.973242 0.0290573 -0.00860742
6.29 0.973526 0.0277982 0.00112643
6.3 0.973798 0.0265391 0.0108631
6.31 0.974057 0.02528 0.0206023
6.32 0.974304 0.0240209 0.0303442
6.33 0.974538 0.0227618 0.0400884
6.34 0.974759 0.0215027 0.0498349
6.35 0.974968 0.0202436 0.0595835
6.36 0.975164 0.0189845 0.0693342
6.37 0.975347 0.0177254 0.0790867
6.38 0.975518 0.0164663 0.0888411
6.39 0.975677 0.0152071 0.0985971
6.4 0.975822 0.013948 0.108355
6.41 0.975956 0.0126889 0.118113
6.42 0.976076 0.0114298 0.127874
6.43 0.976184 0.0101707 0.137635
6.44 0.97628 0.0089116 0.147397
6.45 0.976362 0.00765249 0.157161
6.46 0.976433 0.00639338 0.166924
6.47 0.97649 0.00513427 0.176689
6.48 0.976535 0.00387516 0.186454
6.49 0.976568 0.00261605 0.19622
6.5 0.976588 0.00135694 0.205986
6.51 0.976512 -0.0165122 0.215751
6.52 0.976257 -0.0343813 0.225515
6.53 0.975824 -0.0522504 0.235276
6.54 0.975212 -0.0701195 0.245031
6.55 0.974422 -0.0879886 0.254779
6.56 0.973453 -0.105858 0.264519
6.57 0.972305 -0.123727 0.274248
6.58 0.970978 -0.141596 0.283964
6.59 0.969473 -0.159465 0.293667
6.6 0.967789 -0.177334 0.303353
6.61 0.965926 -0.195203 0.313022
6.62 0.963885 -0.213072 0.322671
6.63 0.961665 -0.230941 0.332299
6.64 0.959266 -0.248811 0.341904
6.65 0.956688 -0.26668 0.351484
6.66 0.953932 -0.284549 0.361037
6.67 0.950997 -0.302418 0.370562
6.68 0.947884 -0.320287 0.380056
6.69 0.944592 -0.338156 0.389519
6.7 0.941121 -0.356025 0.398948
6.71 0.937471 -0.373894 0.408341
6.72 0.933643 -0.391763 0.417697
6.73 0.929636 -0.409633 0.427013
6.74 0.92545 -0.427502 0.436289
6.75 0.921086 -0.445371 0.445521
6.76 0.916543 -0.46324 0.45471
6.77 0.911821 -0.481109 0.463852
6.78 0.906921 -0.498978 0.472946
6.79 0.901842 -0.516847 0.48199
6.8 0.896584 -0.534716 0.490982
6.81 0.891147 -0.552585 0.499921
6.82 0.885532 -0.570454 0.508804
6.83 0.879738 -0.588324 0.517631
6.84 0.873766 -0.606193 0.526398
6.85 0.867614 -0.624062 0.535105
6.86 0.861284 -0.641931 0.54375
6.87 0.854776 -0.6598 0.55233
6.88 0.848088 -0.677669 0.560845
6.89 0.841222 -0.695538 0.569292
6.9 0.834178 -0.713407 0.577669
6.91 0.826954 -0.731276 0.585975
6.92 0.819552 -0.749146 0.594207
6.93 0.811971 -0.767015 0.602365
6.94 0.804212 -0.784884 0.610446
6.95 0.796274 -0.802753 0.618449
6.96 0.788157 -0.820622 0.626371
6.97 0.779861 -0.838491 0.634211
6.98 0.771387 -0.85636 0.641968
6.99 0.762734 -0.874229 0.649638
7 0.753902 -0.892098 0.657222
7.01 0.744997 -0.888996 0.664716
7.02 0.736122 -0.885893 0.672122
7.03 0.727279 -0.882791 0.679439
7.04 0.718467 -0.879688 0.686667
7.05 0.709685 -0.876586 0.693808
7.06 0.700935 -0.873483 0.700861
7.07 0.692215 -0.87038 0.707827
7.08 0.683527 -0.867278 0.714706
7.09 0.67487 -0.864175 0.721498
7.1 0.666244 -0.861073 0.728203
7.11 0.657648 -0.85797 0.734823
7.12 0.649084 -0.854867 0.741356
7.13 0.640551 -0.851765 0.747804
7.14 0.632049 -0.848662 0.754167
7.15 0.623578 -0.84556 0.760445
7.16 0.615138 -0.842457 0.766639
7.17 0.606729 -0.839355 0.772748
7.18 0.598351 -0.836252 0.778774
7.19 0.590004 -0.833149 0.784715
7.2 0.581688 -0.830047 0.790574
7.21 0.573403 -0.826944 0.796349
7.22 0.565149 -0.823842 0.802042
7.23 0.556926 -0.820739 0.807652
7.24 0.548734 -0.817636 0.813181
7.25 0.540573 -0.814534 0.818627
7.26 0.532443 -0.811431 0.823992
7.27 0.524345 -0.808329 0.829276
7.28 0.516277 -0.805226 0.834479
7.29 0.50824 -0.802124 0.839602
7.3 0.500234 -0.799021 0.844644
7.31 0.49226 -0.795918 0.849607
7.32 0.484316 -0.792816 0.854489
7.33 0.476403 -0.789713 0.859293
7.34 0.468522 -0.786611 0.864018
7.35 0.460671 -0.783508 0.868664
7.36 0.452852 -0.780405 0.873231
7.37 0.445063 -0.777303 0.877721
7.38 0.437305 -0.7742 0.882132
7.39 0.429579 -0.771098 0.886467
7.4 0.421884 -0.767995 0.890724
7.41 0.414219 -0.764893 0.894905
7.42 0.406586 -0.76179 0.899009
7.43 0.398983 -0.758687 0.903036
7.44 0.391412 -0.755585 0.906988
7.45 0.383872 -0.752482 0.910865
7.46 0.376362 -0.74938 0.914666
7.47 0.368884 -0.746277 0.918392
7.48 0.361437 -0.743174 0.922044
7.49 0.354021 -0.740072 0.925621
7.5 0.346635 -0.736969 0.929124
7.51 0.339216 -0.746861 0.932554
7.52 0.331698 -0.756753 0.935908
7.53 0.324081 -0.766645 0.939187
7.54 0.316365 -0.776538 0.94239
7.55 0.30855 -0.78643 0.945514
7.56 0.300637 -0.796322 0.94856
7.57 0.292624 -0.806214 0.951527
7.58 0.284512 -0.816106 0.954412
7.59 0.276302 -0.825998 0.957216
7.6 0.267992 -0.83589 0.959938
7.61 0.259584 -0.845782 0.962576
7.62 0.251077 -0.855674 0.965129
7.63 0.242471 -0.865566 0.967597
7.64 0.233765 -0.875458 0.969978
7.65 0.224961 -0.88535 0.972272
7.66 0.216058 -0.895242 0.974477
7.67 0.207057 -0.905134 0.976593
7.68 0.197956 -0.915026 0.978618
7.69 0.188756 -0.924918 0.980552
7.7 0.179457 -0.93481 0.982393
7.71 0.17006 -0.944702 0.984141
7.72 0.160563 -0.954595 0.985794
7.73 0.150968 -0.964487 0.987352
7.74 0.141274 -0.974379 0.988813
7.75 0.13148 -0.984271 0.990177
7.76 0.121588 -0.994163 0.991442
7.77 0.111597 -1.00405 0.992608
7.78 0.101507 -1.01395 0.993674
7.79 0.0913181 -1.02384 0.994638
7.8 0.0810303 -1.03373 0.9955
7.81 0.0706435 -1.04362 0.996258
7.82 0.0601578 -1.05352 0.996912
7.83 0.0495732 -1.06341 0.997461
7.84 0.0388897 -1.0733 0.997903
7.85 0.0281072 -1.08319 0.998239
7.86 0.0172258 -1.09308 0.998465
7.87 0.00624555 -1.10298 0.998583
7.88 -0.00483366 -1.11287 0.99859
7.89 -0.0160118 -1.12276 0.998486
7.9 -0.0272889 -1.13265 0.998269
7.91 -0.0386648 -1.14254 0.99794
7.92 -0.0501397 -1.15244 0.997496
7.93 -0.0617135 -1.16233 0.996936
7.94 -0.0733863 -1.17222 0.996261
7.95 -0.0851579 -1.18211 0.995468
7.96 -0.0970285 -1.192 0.994558
7.97 -0.108998 -1.2019 0.993528
7.98 -0.121066 -1.21179 0.992377
7.99 -0.133234 -1.22168 0.991106
8 -0.1455 -1.23157 0.989712
8.01 -0.157752 -1.21883 0.988196
8.02 -0.169877 -1.20609 0.986558
8.03 -0.181874 -1.19335 0.984799
8.04 -0.193744 -1.1806 0.982921
8.05 -0.205486 -1.16786 0.980924
8.06 -0.217101 -1.15512 0.978811
8.07 -0.228588 -1.14238 0.976583
8.08 -0.239948 -1.12964 0.97424
8.09 -0.251181 -1.11689 0.971784
8.1 -0.262286 -1.10415 0.969217
8.11 -0.273264 -1.09141 0.966539
8.12 -0.284114 -1.07867 0.963752
8.13 -0.294837 -1.06593 0.960857
8.14 -0.305433 -1.05319 0.957856
8.15 -0.315901 -1.04044 0.954749
8.16 -0.326242 -1.0277 0.951538
8.17 -0.336455 -1.01496 0.948224
8.18 -0.346541 -1.00222 0.944809
8.19 -0.3565 -0.989475 0.941294
8.2 -0.366331 -0.976733 0.93768
8.21 -0.376034 -0.963991 0.933968
8.22 -0.38561 -0.95125 0.930159
8.23 -0.395059 -0.938508 0.926256
8.24 -0.404381 -0.925766 0.922259
8.25 -0.413575 -0.913024 0.918169
8.26 -0.422641 -0.900282 0.913988
8.27 -0.43158 -0.88754 0.909716
8.28 -0.440392 -0.874798 0.905356
8.29 -0.449076 -0.862056 0.900909
8.3 -0.457633 -0.849314 0.896375
8.31 -0.466062 -0.836572 0.891757
8.32 -0.474364 -0.82383 0.887055
8.33 -0.482539 -0.811088 0.88227
8.34 -0.490586 -0.798346 0.877404
8.35 -0.498506 -0.785604 0.872459
8.36 -0.506298 -0.772862 0.867435
8.37 -0.513963 -0.760121 0.862333
8.38 -0.521501 -0.747379 0.857156
8.39 -0.528911 -0.734637 0.851904
8.4 -0.536193 -0.721895 0.846578
8.41 -0.543349 -0.709153 0.84118
8.42 -0.550376 -0.696411 0.835711
8.43 -0.557277 -0.683669 0.830173
8.44 -0.56405 -0.670927 0.824566
8.45 -0.570695 -0.658185 0.818892
8.46 -0.577214 -0.645443 0.813153
8.47 -0.583604 -0.632701 0.807349
8.48 -0.589868 -0.619959 0.801481
8.49 -0.596003 -0.607217 0.795552
8.5 -0.602012 -0.594475 0.789561
8.51 -0.607961 -0.595426 0.783512
8.52 -0.61392 -0.596376 0.777402
8.53 -0.619889 -0.597327 0.771233
8.54 -0.625867 -0.598277 0.765004
8.55 -0.631854 -0.599228 0.758716
8.56 -0.637852 -0.600178 0.752367
8.57 -0.643858 -0.601129 0.745959
8.58 -0.649874 -0.602079 0.73949
8.59 -0.6559 -0.603029 0.732961
8.6 -0.661935 -0.60398 0.726372
8.61 -0.667979 -0.60493 0.719722
8.62 -0.674033 -0.605881 0.713012
8.63 -0.680097 -0.606831 0.706242
8.64 -0.68617 -0.607782 0.69941
8.65 -0.692252 -0.608732 0.692518
8.66 -0.698345 -0.609683 0.685565
8.67 -0.704446 -0.610633 0.678551
8.68 -0.710557 -0.611584 0.671476
8.69 -0.716678 -0.612534 0.66434
8.7 -0.722808 -0.613484 0.657143
8.71 -0.728947 -0.614435 0.649884
8.72 -0.735097 -0.615385 0.642564
8.73 -0.741255 -0.616336 0.635182
8.74 -0.747423 -0.617286 0.627739
8.75 -0.753601 -0.618237 0.620234
8.76 -0.759788 -0.619187 0.612667
8.77 -0.765985 -0.620138 0.605038
8.78 -0.772191 -0.621088 0.597347
8.79 -0.778406 -0.622039 0.589594
8.8 -0.784632 -0.622989 0.581779
8.81 -0.790866 -0.623939 0.573901
8.82 -0.79711 -0.62489 0.565961
8.83 -0.803364 -0.62584 0.557959
8.84 -0.809627 -0.626791 0.549894
8.85 -0.8159 -0.627741 0.541766
8.86 -0.822182 -0.628692 0.533576
8.87 -0.828474 -0.629642 0.525323
8.88 -0.834775 -0.630593 0.517007
8.89 -0.841086 -0.631543 0.508627
8.9 -0.847406 -0.632494 0.500185
8.91 -0.853735 -0.633444 0.491679
8.92 -0.860075 -0.634394 0.48311
8.93 -0.866423 -0.635345 0.474478
8.94 -0.872781 -0.636295 0.465782
8.95 -0.879149 -0.637246 0.457022
8.96 -0.885526 -0.638196 0.448199
8.97 -0.891913 -0.639147 0.439311
8.98 -0.898309 -0.640097 0.43036
8.99 -0.904715 -0.641048 0.421345
9 -0.91113 -0.641998 0.412266
