# E fit
100 0.0146175
100.1 0.0147305
100.2 0.0148449
100.3 0.0149606
100.4 0.0150776
100.5 0.015196
100.6 0.0153159
100.7 0.0154371
100.8 0.0155598
100.9 0.0156839
101 0.0158096
101.1 0.0159367
101.2 0.0160654
101.3 0.0161957
101.4 0.0163275
101.5 0.016461
101.6 0.0165961
101.7 0.0167329
101.8 0.0168714
101.9 0.0170116
102 0.0171535
102.1 0.0172973
102.2 0.0174428
102.3 0.0175902
102.4 0.0177395
102.5 0.0178907
102.6 0.0180438
102.7 0.0181989
102.8 0.018356
102.9 0.0185151
103 0.0186763
103.1 0.0188396
103.2 0.0190051
103.3 0.0191728
103.4 0.0193427
103.5 0.0195148
103.6 0.0196893
103.7 0.0198661
103.8 0.0200453
103.9 0.020227
104 0.0204111
104.1 0.0205977
104.2 0.0207869
104.3 0.0209788
104.4 0.0211733
104.5 0.0213705
104.6 0.0215704
104.7 0.0217732
104.8 0.0219789
104.9 0.0221875
105 0.0223991
105.1 0.0226137
105.2 0.0228314
105.3 0.0230522
105.4 0.0232763
105.5 0.0235037
105.6 0.0237344
105.7 0.0239685
105.8 0.0242061
105.9 0.0244472
106 0.024692
106.1 0.0249404
106.2 0.0251927
106.3 0.0254487
106.4 0.0257087
106.5 0.0259727
106.6 0.0262407
106.7 0.0265129
106.8 0.0267894
106.9 0.0270702
107 0.0273555
107.1 0.0276453
107.2 0.0279397
107.3 0.0282388
107.4 0.0285428
107.5 0.0288517
107.6 0.0291656
107.7 0.0294847
107.8 0.029809
107.9 0.0301387
108 0.0304739
108.1 0.0308147
108.2 0.0311613
108.3 0.0315137
108.4 0.0318721
108.5 0.0322367
108.6 0.0326076
108.7 0.0329849
108.8 0.0333687
108.9 0.0337593
109 0.0341568
109.1 0.0345614
109.2 0.0349731
109.3 0.0353923
109.4 0.035819
109.5 0.0362535
109.6 0.0366959
109.7 0.0371465
109.8 0.0376054
109.9 0.0380728
110 0.038549
110.1 0.0390342
110.2 0.0395286
110.3 0.0400324
110.4 0.0405459
110.5 0.0410693
110.6 0.0416029
110.7 0.042147
110.8 0.0427018
110.9 0.0432676
111 0.0438447
111.1 0.0444334
111.2 0.045034
111.3 0.0456469
111.4 0.0462723
111.5 0.0469107
111.6 0.0475623
111.7 0.0482276
111.8 0.0489069
111.9 0.0496006
112 0.0503092
112.1 0.0510331
112.2 0.0517726
112.3 0.0525283
112.4 0.0533007
112.5 0.0540902
112.6 0.0548973
112.7 0.0557225
112.8 0.0565665
112.9 0.0574298
113 0.0583129
113.1 0.0592165
113.2 0.0601413
113.3 0.0610878
113.4 0.0620568
113.5 0.0630489
113.6 0.064065
113.7 0.0651058
113.8 0.0661721
113.9 0.0672648
114 0.0683847
114.1 0.0695327
114.2 0.0707098
114.3 0.0719169
114.4 0.0731551
114.5 0.0744255
114.6 0.0757292
114.7 0.0770674
114.8 0.0784412
114.9 0.079852
115 0.081301
115.1 0.0827898
115.2 0.0843197
115.3 0.0858922
115.4 0.0875091
115.5 0.0891718
115.6 0.0908822
115.7 0.0926422
115.8 0.0944536
115.9 0.0963184
116 0.0982388
116.1 0.100217
116.2 0.102255
116.3 0.104356
116.4 0.106522
116.5 0.108756
116.6 0.111061
116.7 0.113439
116.8 0.115895
116.9 0.11843
117 0.121049
117.1 0.123756
117.2 0.126554
117.3 0.129448
117.4 0.132441
117.5 0.135539
117.6 0.138747
117.7 0.142068
117.8 0.145511
117.9 0.149079
118 0.152779
118.1 0.156617
118.2 0.160602
118.3 0.164739
118.4 0.169037
118.5 0.173505
118.6 0.178151
118.7 0.182985
118.8 0.188016
118.9 0.193257
119 0.198718
119.1 0.204412
119.2 0.210353
119.3 0.216554
119.4 0.223031
119.5 0.2298
119.6 0.23688
119.7 0.244288
119.8 0.252047
119.9 0.260177
120 0.268702
120.1 0.27765
120.2 0.287046
120.3 0.296923
120.4 0.307312
120.5 0.318249
120.6 0.329772
120.7 0.341925
120.8 0.354753
120.9 0.368306
121 0.382638
121.1 0.397811
121.2 0.413889
121.3 0.430946
121.4 0.44906
121.5 0.468319
121.6 0.48882
121.7 0.510669
121.8 0.533984
121.9 0.558897
122 0.585553
122.1 0.614115
122.2 0.644763
122.3 0.677699
122.4 0.71315
122.5 0.75137
122.6 0.792644
122.7 0.837294
122.8 0.885683
122.9 0.938222
123 0.995377
123.1 1.05768
123.2 1.12572
123.3 1.2002
123.4 1.2819
123.5 1.37172
123.6 1.47067
123.7 1.57993
123.8 1.70086
123.9 1.83499
124 1.98409
124.1 2.15015
124.2 2.33544
124.3 2.54253
124.4 2.77424
124.5 3.03368
124.6 3.3241
124.7 3.64887
124.8 4.01111
124.9 4.4134
125 4.85714
125.1 5.34166
125.2 5.86311
125.3 6.41301
125.4 6.97674
125.5 7.53246
125.6 8.05093
125.7 8.49728
125.8 8.83507
125.9 9.03253
126 9.06934
126.1 8.94155
126.2 8.66264
126.3 8.26009
126.4 7.7691
126.5 7.2259
126.6 6.66257
126.7 6.10432
126.8 5.56887
126.9 5.06724
127 4.60517
127.1 4.18456
127.2 3.80481
127.3 3.46378
127.4 3.15852
127.5 2.88575
127.6 2.64213
127.7 2.42448
127.8 2.22985
127.9 2.05555
128 1.89919
128.1 1.75865
128.2 1.63207
128.3 1.5178
128.4 1.41443
128.5 1.3207
128.6 1.23552
128.7 1.15794
128.8 1.08712
128.9 1.02235
129 0.962984
129.1 0.908457
129.2 0.858281
129.3 0.812019
129.4 0.769289
129.5 0.729752
129.6 0.693105
129.7 0.659083
129.8 0.627446
129.9 0.597982
130 0.570501
130.1 0.544833
130.2 0.520826
130.3 0.498342
130.4 0.477256
130.5 0.457459
130.6 0.438848
130.7 0.421333
130.8 0.40483
130.9 0.389263
131 0.374566
131.1 0.360674
131.2 0.347531
131.3 0.335085
131.4 0.323287
131.5 0.312095
131.6 0.301467
131.7 0.291368
131.8 0.281762
131.9 0.272619
132 0.26391
132.1 0.255607
132.2 0.247686
132.3 0.240125
132.4 0.232902
132.5 0.225998
132.6 0.219393
132.7 0.213071
132.8 0.207017
132.9 0.201215
133 0.195652
133.1 0.190315
133.2 0.185192
133.3 0.180272
133.4 0.175544
133.5 0.170998
133.6 0.166626
133.7 0.162418
133.8 0.158367
133.9 0.154464
134 0.150704
134.1 0.147078
134.2 0.143581
134.3 0.140206
134.4 0.136949
134.5 0.133803
134.6 0.130763
134.7 0.127826
134.8 0.124986
134.9 0.122239
135 0.119582
135.1 0.11701
135.2 0.114519
135.3 0.112107
135.4 0.10977
135.5 0.107505
135.6 0.105309
135.7 0.10318
135.8 0.101114
135.9 0.0991093
136 0.0971636
136.1 0.0952743
136.2 0.0934395
136.3 0.091657
136.4 0.0899248
136.5 0.0882411
136.6 0.0866041
136.7 0.0850121
136.8 0.0834635
136.9 0.0819567
137 0.0804902
137.1 0.0790626
137.2 0.0776725
137.3 0.0763187
137.4 0.0749998
137.5 0.0737148
137.6 0.0724624
137.7 0.0712416
137.8 0.0700513
137.9 0.0688906
138 0.0677583
138.1 0.0666537
138.2 0.0655758
138.3 0.0645238
138.4 0.0634968
138.5 0.0624941
138.6 0.0615149
138.7 0.0605585
138.8 0.0596242
138.9 0.0587113
139 0.0578192
139.1 0.0569472
139.2 0.0560947
139.3 0.0552612
139.4 0.0544461
139.5 0.0536489
139.6 0.052869
139.7 0.0521059
139.8 0.0513593
139.9 0.0506285
140 0.0499132
140.1 0.0492129
140.2 0.0485273
140.3 0.0478558
140.4 0.0471982
140.5 0.0465539
140.6 0.0459228
140.7 0.0453044
140.8 0.0446984
140.9 0.0441045
141 0.0435222
141.1 0.0429515
141.2 0.0423918
141.3 0.041843
141.4 0.0413048
141.5 0.0407769
141.6 0.040259
141.7 0.0397509
141.8 0.0392524
141.9 0.0387632
142 0.038283
142.1 0.0378117
142.2 0.037349
142.3 0.0368948
142.4 0.0364488
142.5 0.0360108
142.6 0.0355807
142.7 0.0351582
142.8 0.0347432
142.9 0.0343354
143 0.0339348
143.1 0.0335412
143.2 0.0331544
143.3 0.0327742
143.4 0.0324005
143.5 0.0320331
143.6 0.031672
143.7 0.0313169
143.8 0.0309678
143.9 0.0306244
144 0.0302867
144.1 0.0299546
144.2 0.0296279
144.3 0.0293065
144.4 0.0289903
144.5 0.0286792
144.6 0.0283731
144.7 0.0280718
144.8 0.0277754
144.9 0.0274835
145 0.0271963
145.1 0.0269135
145.2 0.0266351
145.3 0.026361
145.4 0.0260911
145.5 0.0258253
145.6 0.0255636
145.7 0.0253058
145.8 0.0250519
145.9 0.0248018
146 0.0245554
146.1 0.0243126
146.2 0.0240735
146.3 0.0238378
146.4 0.0236056
146.5 0.0233768
146.6 0.0231513
146.7 0.022929
146.8 0.0227099
146.9 0.0224939
147 0.022281
147.1 0.0220711
147.2 0.0218641
147.3 0.0216601
147.4 0.0214589
147.5 0.0212604
147.6 0.0210647
147.7 0.0208717
147.8 0.0206814
147.9 0.0204936
148 0.0203084
148.1 0.0201256
148.2 0.0199453
148.3 0.0197675
148.4 0.019592
148.5 0.0194188
148.6 0.0192479
148.7 0.0190792
148.8 0.0189128
148.9 0.0187485
149 0.0185864
149.1 0.0184263
149.2 0.0182683
149.3 0.0181124
149.4 0.0179584
149.5 0.0178063
149.6 0.0176562
149.7 0.017508
149.8 0.0173616
149.9 0.0172171
150 0.0170743
150.1 0.0169334
150.2 0.0167941
150.3 0.0166566
150.4 0.0165208
150.5 0.0163866
150.6 0.016254
150.7 0.016123
150.8 0.0159936
150.9 0.0158658
151 0.0157395
151.1 0.0156147
151.2 0.0154914
151.3 0.0153695
151.4 0.015249
151.5 0.01513
151.6 0.0150123
151.7 0.0148961
151.8 0.0147811
151.9 0.0146675
152 0.0145552
152.1 0.0144442
152.2 0.0143344
152.3 0.0142259
152.4 0.0141186
152.5 0.0140125
152.6 0.0139076
152.7 0.0138039
152.8 0.0137014
152.9 0.0135999
153 0.0134996
153.1 0.0134004
153.2 0.0133023
153.3 0.0132053
153.4 0.0131093
153.5 0.0130144
153.6 0.0129205
153.7 0.0128276
153.8 0.0127357
153.9 0.0126448
154 0.0125548
154.1 0.0124658
154.2 0.0123778
154.3 0.0122907
154.4 0.0122045
154.5 0.0121192
154.6 0.0120348
154.7 0.0119512
154.8 0.0118686
154.9 0.0117868
155 0.0117058
155.1 0.0116257
155.2 0.0115464
155.3 0.0114678
155.4 0.0113901
155.5 0.0113132
155.6 0.0112371
155.7 0.0111617
155.8 0.0110871
155.9 0.0110132
156 0.01094
156.1 0.0108676
156.2 0.0107959
156.3 0.0107249
156.4 0.0106546
156.5 0.010585
156.6 0.0105161
156.7 0.0104478
156.8 0.0103803
156.9 0.0103133
157 0.010247
157.1 0.0101814
157.2 0.0101163
157.3 0.0100519
157.4 0.00998812
157.5 0.00992493
157.6 0.00986234
157.7 0.00980034
157.8 0.00973891
157.9 0.00967807
158 0.00961779
158.1 0.00955808
158.2 0.00949891
158.3 0.0094403
158.4 0.00938223
158.5 0.00932469
158.6 0.00926768
158.7 0.00921118
158.8 0.00915521
158.9 0.00909974
159 0.00904478
159.1 0.00899031
159.2 0.00893633
159.3 0.00888283
159.4 0.00882982
159.5 0.00877728
159.6 0.0087252
159.7 0.00867359
159.8 0.00862243
159.9 0.00857173
160 0.00852147
