1 120.0659065 115.0632827 116.7220545 123.5055532 125.2860302
1.046822742 119.1105111 114.1094508 115.832075 122.481738 124.3307523
1.093645485 118.1627181 113.1635259 114.9488814 121.4664099 123.3827581
1.140468227 117.2224668 112.2254423 114.0724219 120.4594985 122.4419922
1.18729097 116.2896974 111.295135 113.2026452 119.460934 121.5083995
1.234113712 115.3643503 110.3725397 112.3395004 118.4706472 120.5819251
1.280936455 114.4463664 109.4575924 111.4829369 117.4885695 119.662515
1.327759197 113.5356871 108.5502296 110.6329045 116.5146329 118.7501151
1.37458194 112.6322544 107.6503885 109.7893533 115.5487699 117.8446721
1.421404682 111.7360105 106.7580068 108.9522341 114.5909135 116.9461328
1.468227425 110.8468982 105.8730225 108.1214977 113.6409974 116.0544448
1.515050167 109.9648608 104.9953745 107.2970955 112.6989558 115.1695556
1.56187291 109.0898421 104.1250018 106.4789792 111.7647233 114.2914135
1.608695652 108.2217861 103.2618442 105.6671008 110.8382352 113.4199671
1.655518395 107.3606374 102.4058419 104.8614129 109.9194274 112.5551653
1.702341137 106.5063411 101.5569355 104.0618681 109.0082362 111.6969573
1.74916388 105.6588427 100.7150662 103.2684196 108.1045984 110.845293
1.795986622 104.818088 99.88017576 102.4810211 107.2084514 110.0001225
1.842809365 103.9840234 99.0522062 101.6996262 106.3197332 109.1613962
1.889632107 103.1565957 98.2311002 100.9241894 105.4383821 108.329065
1.936454849 102.3357521 97.41680086 100.154665 104.5643371 107.5030802
1.983277592 101.5214401 96.60925177 99.39100813 103.6975376 106.6833933
2.030100334 100.7136078 95.80839695 98.63317395 102.8379235 105.8699563
2.076923077 99.91220364 95.01418093 97.88111809 101.9854353 105.0627216
2.123745819 99.11717646 94.22654866 97.13479649 101.1400139 104.2616418
2.170568562 98.32847551 93.44544557 96.39416542 100.3016008 103.4666702
2.217391304 97.54605046 92.67081753 95.6591815 99.47013776 102.67776
2.264214047 96.76985137 91.90261088 94.92980166 98.64556726 101.8948651
2.311036789 95.9998287 91.14077237 94.20598319 97.82783215 101.1179395
2.357859532 95.2359333 90.38524922 93.48768366 97.01687575 100.3469379
2.404682274 94.4781164 89.63598907 92.77486101 96.21264189 99.58181498
2.451505017 93.72632966 88.89294002 92.06747348 95.41507482 98.82252594
2.498327759 92.98052507 88.15605056 91.36547961 94.62411929 98.06902632
2.545150502 92.24065504 87.42526964 90.66883829 93.83972049 97.32127195
2.591973244 91.50667235 86.70054663 89.97750871 93.06182406 96.57921905
2.638795987 90.77853015 85.9818313 89.29145036 92.29037611 95.84282414
2.685618729 90.05618197 85.26907386 88.61062305 91.52532317 95.11204407
2.732441472 89.33958169 84.56222491 87.93498689 90.76661223 94.38683604
2.779264214 88.62868359 83.86123547 87.26450231 90.01419073 93.66715755
2.826086957 87.92344229 83.16605698 86.59913003 89.26800652 92.95296645
2.872909699 87.22381278 82.47664125 85.93883106 88.52800791 92.2442209
2.919732441 86.52975039 81.79294053 85.28356672 87.7941436 91.54087938
2.966555184 85.84121085 81.11490743 84.63329862 87.06636276 90.84290068
3.013377926 85.15815018 80.44249498 83.98798868 86.34461495 90.15024391
3.060200669 84.48052481 79.77565658 83.34759907 85.62885016 89.46286849
3.107023411 83.80829148 79.11434601 82.7120923 84.9190188 88.78073415
3.153846154 83.14140728 78.45851747 82.08143112 84.21507168 88.10380094
3.200668896 82.47982966 77.8081255 81.45557859 83.51696001 87.43202919
3.247491639 81.82351637 77.16312504 80.83449805 82.82463543 86.76537955
3.294314381 81.17242554 76.52347139 80.2181531 82.13804997 86.10381296
3.341137124 80.52651561 75.88912024 79.60650765 81.45715604 85.44729067
3.387959866 79.88574535 75.26002762 78.99952586 80.78190648 84.79577422
3.434782609 79.25007386 74.63614994 78.39717217 80.11225448 84.14922543
3.481605351 78.61946058 74.01744398 77.79941129 79.44815364 83.50760644
3.528428094 77.99386525 73.40386686 77.20620821 78.78955796 82.87087964
3.575250836 77.37324794 72.79537607 76.61752816 78.13642179 82.23900774
3.622073579 76.75756904 72.19192944 76.03333667 77.48869987 81.61195373
3.668896321 76.14678926 71.59348516 75.45359951 76.84634733 80.98968086
3.715719064 75.54086961 71.00000176 74.87828271 76.20931965 80.37215268
3.762541806 74.93977143 70.41143812 74.30735257 75.5775727 79.75933302
3.809364548 74.34345633 69.82775345 73.74077565 74.95106269 79.15118597
3.856187291 73.75188627 69.24890731 73.17851875 74.32974622 78.5476759
3.903010033 73.16502348 68.67485959 72.62054894 73.71358023 77.94876747
3.949832776 72.58283051 68.10557051 72.06683352 73.10252203 77.35442557
3.996655518 72.0052702 67.54100063 71.51734005 72.49652928 76.7646154
4.043478261 71.43230569 66.98111082 70.97203635 71.89555998 76.1793024
4.090301003 70.86390041 66.42586229 70.43089047 71.29957249 75.59845228
4.137123746 70.30001807 65.87521656 69.89387071 70.70852552 75.02203102
4.183946488 69.74062269 65.32913548 69.3609456 70.1223781 74.45000483
4.230769231 69.18567856 64.78758122 68.83208392 69.54108963 73.88234022
4.277591973 68.63515026 64.25051623 68.3072547 68.96461983 73.31900393
4.324414716 68.08900267 63.71790332 67.78642718 68.39292875 72.75996294
4.371237458 67.5472009 63.18970556 67.26957085 67.82597677 72.20518452
4.418060201 67.0097104 62.66588638 66.75665544 67.26372462 71.65463616
4.464882943 66.47649685 62.14640945 66.2476509 66.70613332 71.10828561
4.511705686 65.94752621 61.6312388 65.7425274 66.15316425 70.56610086
4.558528428 65.42276473 61.12033872 65.24125535 65.60477909 70.02805014
4.605351171 64.90217891 60.61367382 64.74380539 65.06093984 69.49410194
4.652173913 64.38573553 60.11120897 64.25014837 64.52160881 68.96422498
4.698996656 63.87340162 59.61290938 63.76025538 63.98674864 68.43838821
4.745819398 63.36514448 59.1187405 63.27409772 63.45632226 67.91656083
4.79264214 62.86093168 58.6286681 62.79164689 62.93029292 67.39871226
4.839464883 62.36073103 58.14265822 62.31287465 62.40862417 66.88481218
4.886287625 61.8645106 57.66067718 61.83775293 61.89127985 66.37483047
4.933110368 61.37223873 57.18269158 61.36625392 61.37822413 65.86873725
4.97993311 60.88388399 56.70866831 60.89834998 60.86942145 65.36650288
5.026755853 60.39941522 56.23857451 60.4340137 60.36483655 64.86809794
5.073578595 59.91880149 55.77237762 59.97321788 59.86443448 64.37349322
5.120401338 59.44201213 55.31004532 59.51593552 59.36818055 63.88265975
5.16722408 58.9690167 54.85154559 59.06213985 58.87604039 63.39556878
5.214046823 58.49978502 54.39684665 58.61180426 58.38797988 62.91219176
5.260869565 58.03428714 53.94591699 58.16490238 57.90396521 62.43250039
5.307692308 57.57249335 53.49872538 57.72140802 57.42396285 61.95646656
5.35451505 57.11437416 53.05524082 57.28129522 56.94793953 61.48406238
5.401337793 56.65990035 52.61543258 56.84453817 56.47586226 61.01526017
5.448160535 56.20904291 52.17927018 56.4111113 56.00769834 60.55003248
5.494983278 55.76177305 51.74672341 55.98098921 55.54341532 60.08835205
5.54180602 55.31806224 51.3177623 55.5541467 55.08298104 59.63019182
5.588628763 54.87788214 50.89235711 55.13055878 54.62636359 59.17552496
5.635451505 54.44120468 50.47047837 54.71020061 54.17353132 58.72432484
5.682274247 54.00800196 50.05209685 54.29304759 53.72445287 58.27656501
5.72909699 53.57824636 49.63718356 53.87907526 53.27909711 57.83221926
5.775919732 53.15191043 49.22570974 53.46825938 52.83743318 57.39126154
5.822742475 52.72896697 48.81764689 53.06057588 52.39943049 56.95366602
5.869565217 52.30938897 48.41296673 52.65600087 51.96505867 56.51940708
5.91638796 51.89314967 48.01164122 52.25451066 51.53428764 56.08845925
5.963210702 51.48022249 47.61364255 51.85608172 51.10708753 55.66079732
6.010033445 51.07058107 47.21894314 51.46069071 50.68342876 55.2363962
6.056856187 50.66419929 46.82751564 51.06831447 50.26328196 54.81523105
6.10367893 50.26105118 46.43933292 50.67893001 49.84661802 54.39727719
6.150501672 49.86111103 46.0543681 50.29251451 49.43340807 53.98251014
6.197324415 49.4643533 45.6725945 49.90904536 49.02362348 53.57090559
6.244147157 49.07075268 45.29398565 49.52850006 48.61723585 53.16243943
6.2909699 48.68028404 44.91851534 49.15085634 48.21421702 52.75708774
6.337792642 48.29292246 44.54615753 48.77609207 47.81453907 52.35482676
6.384615385 47.90864322 44.17688643 48.40418529 47.4181743 51.95563293
6.431438127 47.52742179 43.81067645 48.03511422 47.02509525 51.55948287
6.47826087 47.14923383 43.44750221 47.66885723 46.63527468 51.16635336
6.525083612 46.77405521 43.08733856 47.30539287 46.24868557 50.77622137
6.571906355 46.40186199 42.73016052 46.94469985 45.86530115 50.38906406
6.618729097 46.0326304 42.37594336 46.58675703 45.48509483 50.00485873
6.665551839 45.66633688 42.02466253 46.23154344 45.10804029 49.62358288
6.712374582 45.30295806 41.67629369 45.87903827 44.73411139 49.24521418
6.759197324 44.94247073 41.33081269 45.52922088 44.36328223 48.86973045
6.806020067 44.5848519 40.98819561 45.18207077 43.99552709 48.4971097
6.852842809 44.23007873 40.64841869 44.8375676 43.63082051 48.1273301
6.899665552 43.87812858 40.3114584 44.49569119 43.26913722 47.76036999
6.946488294 43.52897899 39.97729138 44.15642151 42.91045214 47.39620786
6.993311037 43.18260768 39.64589448 43.81973869 42.55474043 47.03482239
7.040133779 42.83899252 39.31724474 43.48562299 42.20197744 46.67619241
7.086956522 42.49811161 38.99131939 43.15405486 41.85213872 46.32029689
7.133779264 42.15994317 38.66809583 42.82501485 41.50520004 45.967115
7.180602007 41.82446563 38.34755168 42.49848371 41.16113734 45.61662605
7.227424749 41.49165756 38.02966472 42.17444229 40.8199268 45.26880949
7.274247492 41.16149774 37.71441293 41.85287161 40.48154477 44.92364496
7.321070234 40.83396508 37.40177445 41.53375284 40.1459678 44.58111223
7.367892977 40.50903869 37.09172763 41.21706728 39.81317264 44.24119123
7.414715719 40.18669781 36.78425099 40.90279637 39.48313623 43.90386206
7.461538462 39.86692189 36.47932321 40.59092171 39.15583569 43.56910494
7.508361204 39.54969051 36.17692317 40.28142502 38.83124836 43.23690027
7.555183946 39.23498342 35.87702991 39.97428818 38.50935173 42.90722859
7.602006689 38.92278053 35.57962266 39.66949318 38.19012351 42.58007058
7.648829431 38.61306192 35.2846808 39.36702218 37.87354157 42.25540708
7.695652174 38.30580783 34.99218391 39.06685746 37.55958398 41.93321907
7.742474916 38.00099863 34.7021117 38.76898142 37.24822898 41.61348766
7.789297659 37.69861488 34.41444408 38.47337662 36.93945499 41.29619414
7.836120401 37.39863728 34.12916112 38.18002574 36.63324063 40.98131991
7.882943144 37.10104667 33.84624305 37.88891159 36.32956467 40.66884652
7.929765886 36.80582407 33.56567027 37.60001713 36.02840608 40.35875568
7.976588629 36.51295063 33.28742333 37.31332542 35.72974397 40.05102921
8.023411371 36.22240767 33.01148295 37.02881967 35.43355767 39.74564908
8.070234114 35.93417662 32.73783002 36.74648321 35.13982663 39.44259741
8.117056856 35.64823911 32.46644557 36.46629951 34.84853052 39.14185643
8.163879599 35.36457687 32.1973108 36.18825214 34.55964915 38.84340855
8.210702341 35.08317181 31.93040705 35.91232482 34.27316249 38.54723626
8.257525084 34.80400596 31.66571583 35.63850139 33.98905071 38.25332221
8.304347826 34.52706151 31.40321881 35.3667658 33.7072941 37.9616492
8.351170569 34.25232077 31.14289779 35.09710213 33.42787315 37.67220013
8.397993311 33.97976622 30.88473474 34.82949459 33.1507685 37.38495804
8.444816054 33.70938045 30.62871176 34.56392749 32.87596094 37.0999061
8.491638796 33.44114621 30.37481111 34.30038529 32.60343144 36.81702763
8.538461538 33.17504638 30.12301521 34.03885253 32.3331611 36.53630604
8.585284281 32.91106398 29.8733066 33.7793139 32.0651312 36.25772489
8.632107023 32.64918215 29.62566799 33.5217542 31.79932318 35.98126786
8.678929766 32.38938419 29.3800822 33.26615833 31.5357186 35.70691875
8.725752508 32.1316535 29.13653223 33.01251133 31.2742992 35.43466149
8.772575251 31.87597364 28.8950012 32.76079832 31.01504688 35.16448013
8.819397993 31.6223283 28.65547238 32.51100457 30.75794366 34.89635885
8.866220736 31.37070127 28.41792915 32.26311544 30.50297173 34.63028193
8.913043478 31.12107651 28.18235508 32.01711641 30.25011343 34.36623378
8.959866221 30.87343807 27.94873382 31.77299307 29.99935122 34.10419895
9.006688963 30.62777016 27.7170492 31.53073112 29.75066774 33.84416207
9.053511706 30.38405709 27.48728515 31.29031635 29.50404576 33.58610791
9.100334448 30.14228331 27.25942577 31.0517347 29.25946818 33.33002136
9.147157191 29.90243339 27.03345526 30.81497218 29.01691805 33.07588742
9.193979933 29.66449201 26.80935795 30.58001492 28.77637858 32.82369118
9.240802676 29.42844399 26.58711833 30.34684915 28.53783309 32.57341789
9.287625418 29.19427427 26.366721 30.11546122 28.30126505 32.32505287
9.334448161 28.9619679 26.14815067 29.88583758 28.06665808 32.07858158
9.381270903 28.73151005 25.93139222 29.65796476 27.83399591 31.83398958
9.428093645 28.50288601 25.71643061 29.43182942 27.60326242 31.59126254
9.474916388 28.27608119 25.50325095 29.20741831 27.37444163 31.35038624
9.52173913 28.05108112 25.29183847 28.98471829 27.14751767 31.11134657
9.568561873 27.82787143 25.08217852 28.7637163 26.92247483 30.87412952
9.615384615 27.60643788 24.87425658 28.54439941 26.69929752 30.6387212
9.662207358 27.38676633 24.66805823 28.32675476 26.47797026 30.40510781
9.7090301 27.16884276 24.46356919 28.1107696 26.25847772 30.17327567
9.755852843 26.95265327 24.26077529 27.89643127 26.04080469 29.9432112
9.802675585 26.73818406 24.05966247 27.68372723 25.82493609 29.71490092
9.849498328 26.52542143 23.86021681 27.47264501 25.61085697 29.48833146
9.89632107 26.31435181 23.66242447 27.26317225 25.39855247 29.26348954
9.943143813 26.10496172 23.46627176 27.05529667 25.18800791 29.04036198
9.989966555 25.8972378 23.27174509 26.84900609 24.97920868 28.81893573
10.0367893 25.6911668 23.07883096 26.64428843 24.77214032 28.5991978
10.08361204 25.48673556 22.88751603 26.4411317 24.56678847 28.38113532
10.13043478 25.28393103 22.69778702 26.23952399 24.36313892 28.16473552
10.17725753 25.08274027 22.5096308 26.0394535 24.16117755 27.94998572
10.22408027 24.88315043 22.32303432 25.8409085 23.96089036 27.73687334
10.27090301 24.68514878 22.13798465 25.64387736 23.76226348 27.52538589
10.31772575 24.48872269 21.95446898 25.44834854 23.56528314 27.31551099
10.36454849 24.2938596 21.77247459 25.25431058 23.3699357 27.10723634
10.41137124 24.10054709 21.59198886 25.06175212 23.17620761 26.90054973
10.45819398 23.90877282 21.41299929 24.87066187 22.98408546 26.69543906
10.50501672 23.71852455 21.23549348 24.68102864 22.79355593 26.49189232
10.55183946 23.52979013 21.05945913 24.49284133 22.60460581 26.28989757
10.59866221 23.34255752 20.88488404 24.3060889 22.41722203 26.08944299
10.64548495 23.15681477 20.7117561 24.12076041 22.23139158 25.89051683
10.69230769 22.97255002 20.54006334 23.93684502 22.0471016 25.69310744
10.73913043 22.78975151 20.36979384 23.75433194 21.86433932 25.49720325
10.78595318 22.60840758 20.20093582 23.57321048 21.68309207 25.30279279
10.83277592 22.42850664 20.03347756 23.39347003 21.50334729 25.10986466
10.87959866 22.25003723 19.86740748 23.21510006 21.32509253 24.91840756
10.9264214 22.07298794 19.70271405 23.03809012 21.14831543 24.72841029
10.97324415 21.89734748 19.53938587 22.86242984 20.97300375 24.5398617
11.02006689 21.72310464 19.37741161 22.68810893 20.79914534 24.35275075
11.06688963 21.55024829 19.21678007 22.51511718 20.62672815 24.16706648
11.11371237 21.37876741 19.0574801 22.34344446 20.45574024 23.98279801
11.16053512 21.20865104 18.89950067 22.1730807 20.28616975 23.79993455
11.20735786 21.03988833 18.74283083 22.00401592 20.11800493 23.61846538
11.2541806 20.87246851 18.58745972 21.83624023 19.95123415 23.43837987
11.30100334 20.70638089 18.43337658 21.66974379 19.78584582 23.25966747
11.34782609 20.54161488 18.28057074 21.50451685 19.62182851 23.08231772
11.39464883 20.37815995 18.1290316 21.34054972 19.45917084 22.90632021
11.44147157 20.21600567 17.97874866 21.17783281 19.29786154 22.73166465
11.48829431 20.0551417 17.82971151 21.01635658 19.13788944 22.5583408
11.53511706 19.89555776 17.68190982 20.85611157 18.97924344 22.3863385
11.5819398 19.73724368 17.53533336 20.69708839 18.82191256 22.21564769
11.62876254 19.58018934 17.38997196 20.53927772 18.6658859 22.04625835
11.67558528 19.42438472 17.24581555 20.38267033 18.51115264 21.87816057
11.72240803 19.26981988 17.10285415 20.22725704 18.35770206 21.71134449
11.76923077 19.11648495 16.96107784 20.07302873 18.20552353 21.54580035
11.81605351 18.96437015 16.8204768 19.91997638 18.0546065 21.38151845
11.86287625 18.81346576 16.6810413 19.76809102 17.90494052 21.21848916
11.909699 18.66376216 16.54276166 19.61736376 17.75651521 21.05670293
11.95652174 18.51524979 16.40562831 19.46778575 17.6093203 20.89615029
12.00334448 18.36791917 16.26963174 19.31934825 17.46334557 20.73682182
12.05016722 18.2217609 16.13476254 19.17204254 17.31858092 20.5787082
12.09698997 18.07676565 16.00101135 19.02586001 17.17501632 20.42180016
12.14381271 17.93292416 15.86836891 18.88079209 17.03264181 20.26608851
12.19063545 17.79022725 15.73682603 18.73683028 16.89144754 20.11156412
12.23745819 17.64866583 15.60637358 18.59396615 16.75142371 19.95821795
12.28428094 17.50823084 15.47700254 18.45219132 16.61256063 19.80604101
12.33110368 17.36891333 15.34870394 18.31149749 16.47484867 19.65502438
12.37792642 17.2307044 15.22146889 18.17187643 16.3382783 19.50515922
12.42474916 17.09359524 15.09528856 18.03331994 16.20284004 19.35643675
12.47157191 16.9575771 14.97015423 17.89581991 16.06852451 19.20884826
12.51839465 16.82264128 14.84605721 17.75936829 15.93532241 19.06238509
12.56521739 16.68877918 14.72298891 17.62395709 15.80322451 18.91703868
12.61204013 16.55598226 14.6009408 17.48957836 15.67222165 18.77280049
12.65886288 16.42424204 14.47990442 17.35622424 15.54230475 18.62966209
12.70568562 16.29355011 14.35987139 17.22388692 15.41346482 18.48761509
12.75250836 16.16389813 14.24083339 17.09255864 15.28569292 18.34665117
12.7993311 16.03527782 14.12278217 16.96223171 15.1589802 18.20676206
12.84615385 15.90768098 14.00570956 16.83289849 15.03331789 18.06793958
12.89297659 15.78109945 13.88960743 16.70455141 14.90869727 17.93017559
12.93979933 15.65552517 13.77446774 16.57718295 14.7851097 17.79346201
12.98662207 15.53095012 13.66028252 16.45078564 14.66254664 17.65779085
13.03344482 15.40736634 13.54704385 16.32535209 14.54099957 17.52315415
13.08026756 15.28476595 13.43474389 16.20087493 14.42046008 17.38954402
13.1270903 15.16314113 13.32337485 16.07734689 14.30091983 17.25695265
13.17391304 15.0424841 13.21292902 15.95476072 14.18237051 17.12537225
13.22073579 14.92278718 13.10339875 15.83310924 14.06480393 16.99479512
13.26755853 14.80404271 12.99477644 15.71238533 13.94821193 16.86521361
13.31438127 14.68624312 12.88705457 15.59258191 13.83258643 16.73662014
13.36120401 14.5693809 12.78022567 15.47369197 13.71791943 16.60900716
13.40802676 14.45344857 12.67428235 15.35570853 13.60420297 16.4823672
13.4548495 14.33843875 12.56921726 15.23862469 13.49142918 16.35669284
13.50167224 14.2243441 12.46502311 15.12243359 13.37959025 16.23197672
13.54849498 14.11115732 12.3616927 15.00712842 13.26867841 16.10821153
13.59531773 13.9988712 12.25921886 14.89270243 13.158686 15.98539003
13.64214047 13.88747857 12.15759449 14.77914891 13.04960538 15.86350501
13.68896321 13.77697232 12.05681255 14.66646121 12.941429 15.74254934
13.73578595 13.6673454 11.95686605 14.55463273 12.83414936 15.62251592
13.7826087 13.55859081 11.85774807 14.44365691 12.72775902 15.50339774
13.82943144 13.4507016 11.75945174 14.33352726 12.62225063 15.3851878
13.87625418 13.3436709 11.66197026 14.22423733 12.51761686 15.26787919
13.92307692 13.23749187 11.56529686 14.11578071 12.41385047 15.15146503
13.96989967 13.13215773 11.46942484 14.00815104 12.31094426 15.0359385
14.01672241 13.02766176 11.37434757 13.90134202 12.2088911 14.92129284
14.06354515 12.92399729 11.28005845 13.79534741 12.10768393 14.80752132
14.11036789 12.82115771 11.18655096 13.69016097 12.00731573 14.69461729
14.15719064 12.71913645 11.0938186 13.58577656 11.90777954 14.58257413
14.20401338 12.617927 11.00185497 13.48218806 11.80906847 14.47138526
14.25083612 12.5175229 10.91065368 13.37938939 11.71117568 14.36104419
14.29765886 12.41791774 10.82020841 13.27737454 11.61409438 14.25154445
14.34448161 12.31910517 10.7305129 13.17613754 11.51781785 14.14287961
14.39130435 12.22107887 10.64156094 13.07567244 11.42233942 14.03504332
14.43812709 12.12383259 10.55334635 12.97597337 11.32765247 13.92802926
14.48494983 12.02736013 10.46586303 12.87703448 11.23375044 13.82183116
14.53177258 11.93165532 10.37910491 12.77884997 11.14062682 13.71644279
14.57859532 11.83671206 10.29306598 12.6814141 11.04827516 13.61185799
14.62541806 11.74252429 10.20774029 12.58472116 10.95668906 13.50807062
14.6722408 11.64908599 10.12312192 12.48876548 10.86586218 13.4050746
14.71906355 11.55639121 10.03920499 12.39354144 10.77578822 13.30286391
14.76588629 11.46443403 9.955983714 12.29904346 10.68646094 13.20143256
14.81270903 11.37320857 9.873452307 12.20526601 10.59787414 13.10077459
14.85953177 11.28270901 9.791605054 12.11220359 10.5100217 13.00088412
14.90635452 11.19292958 9.710436285 12.01985075 10.42289753 12.90175529
14.95317726 11.10386456 9.629940375 11.92820208 10.33649558 12.80338229
15 11.01550824 9.550111746 11.83725221 10.25080987 12.70575937
